日期,开盘,收盘,最高,最低,成交量,成交额,振幅,涨跌幅,涨跌额,换手率,momentum_20,volatility_20,volume_mean_20,return_mean_20,amplitude_mean_20,turnover_mean_20,MA_5,MA_10,Y_next_day_return,Y_future_5d_return,Y_future_10d_return,Y_future_5d_vol_change,Y_future_10d_vol_change
2020-01-16,0.639,0.641,0.645,0.637,702820,89903568.0,1.25,0.31,0.002,6.07,,,,,,,,,-0.007800312012480548,-0.004680187207488307,0.0,,
2020-01-17,0.64,0.636,0.645,0.634,415152,53053913.0,1.72,-0.78,-0.005,3.59,,,,,,,,,0.02515723270440251,-0.09748427672955984,0.011006289308176154,,
2020-01-20,0.635,0.652,0.652,0.633,572741,73781164.0,2.99,2.52,0.016,4.95,,,,,,,,,-0.010736196319018454,-0.09202453987730064,-0.016871165644171793,,
2020-01-21,0.65,0.645,0.653,0.643,655854,84857378.0,1.53,-1.07,-0.007,5.67,,,,,,,,,0.02635658914728678,-0.06511627906976747,0.023255813953488413,,
2020-01-22,0.639,0.662,0.664,0.631,945180,122733971.0,5.12,2.64,0.017,8.16,,,,,,,0.6472,,-0.03625377643504535,-0.05740181268882183,-0.004531722054380682,,
2020-01-23,0.656,0.638,0.663,0.626,1078624,139136778.0,5.59,-3.63,-0.024,9.32,,,,,,,0.6466000000000001,,-0.10031347962382453,0.004702194357366851,0.03918495297805635,1.1748666096408398,
2020-02-03,0.576,0.574,0.594,0.574,874479,101335350.0,3.13,-10.03,-0.064,7.55,,,,,,,0.6342,,0.03135888501742157,0.12020905923344949,0.20034843205574915,-0.7581602957774116,
2020-02-04,0.581,0.592,0.594,0.57,1263222,147702524.0,4.18,3.14,0.018,10.91,,,,,,,0.6222000000000001,,0.01858108108108114,0.0827702702702704,0.1942567567567568,-0.7032406920737021,
2020-02-05,0.591,0.603,0.619,0.591,946271,114497338.0,4.73,1.86,0.011,8.17,,,,,,,0.6138,,0.03482587064676612,0.09452736318407973,0.1575456053067994,-0.6960952409569144,
2020-02-06,0.604,0.624,0.627,0.597,891190,109340874.0,4.98,3.48,0.021,7.7,,,,,,,0.6062,0.6267,0.02724358974358987,0.05608974358974361,0.14903846153846145,-0.7226815143313383,
2020-02-07,0.624,0.641,0.642,0.62,828131,104503079.0,3.53,2.72,0.017,7.15,,,,,,,0.6068,0.6267,0.0031201248049921304,0.03432137285491432,0.15132605304212166,-0.7702347624972655,-0.5789713775958432
2020-02-10,0.636,0.643,0.645,0.628,618564,78974036.0,2.65,0.31,0.002,5.34,,,,,,,0.6206,0.6274,-0.0031104199066873672,0.07153965785381011,0.192846034214619,0.5161483615417846,-0.5517091840709129
2020-02-11,0.641,0.641,0.647,0.634,612737,78504838.0,2.02,-0.31,-0.002,5.29,,,,,,,0.6304000000000001,0.6263,0.029641185647425905,0.10296411856474252,0.20280811232449292,0.06564643625809352,-0.5640516903758506
2020-02-12,0.639,0.66,0.662,0.637,680947,88667201.0,3.9,2.96,0.019,5.88,,,,,,,0.6418000000000001,0.6278,-0.0015151515151514694,0.05757575757575739,0.0984848484848484,0.22898527782239708,-0.28838323093748464
2020-02-13,0.658,0.659,0.669,0.652,639885,84687011.0,2.58,-0.15,-0.001,5.53,,,,,,,0.6488,0.6275000000000001,0.006069802731411222,0.08801213960546272,0.10470409711684359,0.2793470679463914,-0.27934530379203204
2020-02-14,0.656,0.663,0.676,0.654,493985,65684722.0,3.34,0.61,0.004,4.27,,,,,,,0.6532,0.6300000000000001,0.039215686274509665,0.11312217194570118,0.02111613876319751,0.5083708576882311,-0.0040805558043808254
2020-02-17,0.666,0.689,0.689,0.666,575126,78151304.0,3.47,3.92,0.026,4.97,,,,,,,0.6624,0.6415,0.026124818577648812,0.11320754716981152,0.018867924528301883,0.04169646006014793,1.4384573169932007
2020-02-18,0.692,0.707,0.708,0.688,854967,119426747.0,2.9,2.61,0.018,7.39,,,,,,,0.6756,0.653,-0.012729844413012725,0.09052333804809054,0.004243281471004279,0.23815961862462198,1.4525761908461674
2020-02-19,0.708,0.698,0.713,0.695,701954,98477592.0,2.55,-1.27,-0.009,6.06,,,,,,,0.6831999999999999,0.6625,0.027220630372492893,0.0386819484240688,0.002865329512893977,0.9007801105073512,1.0884147335496057
2020-02-20,0.695,0.717,0.719,0.69,707379,99817671.0,4.15,2.72,0.019,6.11,,,752960.4,0.6280000000000001,3.3155,6.5040000000000004,0.6948,0.6718,0.029288702928870425,0.015341701534170138,-0.019525801952580246,0.8777376460163759,1.1193044472604194
2020-02-21,0.717,0.738,0.747,0.717,944107,138882657.0,4.18,2.93,0.021,8.16,0.15132605304212166,0.03238869564956314,765024.75,0.7590000000000001,3.4619999999999997,6.608500000000001,0.7098,0.6815,0.039295392953929476,-0.08265582655826553,-0.05962059620596216,1.3375386709109143,1.0145283291324017
2020-02-24,0.734,0.767,0.77,0.734,767827,115753206.0,4.88,3.93,0.029,6.63,0.2059748427672956,0.03291876237816485,782658.5,0.9945,3.62,6.7605,0.7253999999999999,0.6939,0.0052151238591917615,-0.08474576271186451,-0.1473272490221642,1.3007360213777726,0.8775571694530349
2020-02-25,0.75,0.771,0.775,0.721,1215484,182984915.0,7.04,0.52,0.004,10.5,0.18251533742331283,0.03273514972663394,814795.65,0.8945000000000002,3.8225000000000002,7.037999999999999,0.7382000000000001,0.7069,-0.05966277561608302,-0.079118028534371,-0.1089494163424124,1.2257765084420127,1.263938410826428
2020-02-26,0.751,0.725,0.761,0.72,1121686,166266016.0,5.32,-5.97,-0.046,9.69,0.12403100775193798,0.035953325466358176,838087.25,0.6495000000000002,4.0120000000000005,7.239,0.7436,0.7133999999999999,0.004137931034482678,-0.034482758620689724,-0.07862068965517233,0.0022151135155967783,0.25423357898029475
2020-02-27,0.726,0.728,0.743,0.706,902479,131071317.0,5.1,0.41,0.003,7.8,0.09969788519637457,0.035649418904900324,835952.2,0.538,4.011,7.221000000000001,0.7458,0.7202999999999999,-0.07005494505494492,-0.03434065934065933,-0.09890109890109888,0.039624278336751084,0.25827279612264964
2020-02-28,0.692,0.677,0.708,0.676,1171533,162281358.0,4.4,-7.01,-0.051,10.12,0.06112852664576818,0.03842093205409228,840597.65,0.3690000000000001,3.9515000000000002,7.261,0.7336,0.7217,0.03692762186115206,0.025110782865583214,-0.02954209748892178,-0.553611070300062,-0.20748815725886383
2020-03-02,0.689,0.702,0.709,0.678,536222,74375068.0,4.58,3.69,0.025,4.63,0.22299651567944245,0.03025450220861481,823684.8,1.0550000000000002,4.024,7.115,0.7205999999999999,0.723,0.01139601139601143,-0.06837606837606824,-0.12393162393162394,-0.41685744004797753,-0.15045198460046427
2020-03-03,0.719,0.71,0.736,0.701,778541,112008155.0,4.99,1.14,0.008,6.73,0.19932432432432434,0.02985890443027313,799450.75,0.9550000000000001,4.0645,6.906000000000001,0.7083999999999999,0.7232999999999999,-0.014084507042253502,-0.032394366197182944,-0.12816901408450698,-0.16863775064875386,-0.14400996735137683
2020-03-04,0.697,0.7,0.711,0.683,470799,65783279.0,3.94,-1.41,-0.01,4.07,0.16086235489220568,0.030230656716196087,775677.15,0.7915,4.025,6.700999999999999,0.7034,0.7235,0.004285714285714226,-0.045714285714285596,-0.13142857142857145,0.0018189391181862025,-0.14442196924257922
2020-03-05,0.714,0.703,0.717,0.69,474635,66643846.0,3.86,0.43,0.003,4.1,0.1266025641025641,0.029564479092773686,754849.4,0.639,3.969,6.520999999999999,0.6984,0.7221,-0.012802275960170695,-0.06685633001422464,-0.11237553342816498,-0.01256059584676994,-0.06658954831490382
2020-03-06,0.692,0.694,0.702,0.689,390577,54378371.0,1.85,-1.28,-0.009,3.37,0.08268330733229323,0.029434403020343627,732971.7,0.43900000000000006,3.8850000000000002,6.331999999999999,0.7018,0.7177,-0.057636887608069065,-0.05331412103746391,-0.10086455331412092,0.9216620913718325,-0.023125476492780628
2020-03-09,0.683,0.654,0.683,0.654,593952,79426320.0,4.18,-5.76,-0.04,5.13,0.01710730948678063,0.03254433050984055,731741.1,0.13550000000000012,3.9614999999999996,6.3215,0.6921999999999999,0.7064,0.050458715596330306,-0.059633027522935866,-0.1039755351681958,0.5644123913538646,0.0010270745401930181
2020-03-10,0.655,0.687,0.687,0.646,697065,92437768.0,6.27,5.05,0.033,6.02,0.07176287051482055,0.03431328978648058,735957.5,0.4035000000000001,4.174,6.358,0.6876,0.698,-0.027656477438136817,-0.0989810771470161,-0.13391557496360995,-0.27882886170240206,-0.26024236873540363
2020-03-11,0.688,0.668,0.694,0.666,343600,46791620.0,4.08,-2.77,-0.019,2.97,0.0121212121212122,0.03445491201442688,719090.15,0.11700000000000006,4.183000000000001,6.2125,0.6811999999999999,0.6923,-0.017964071856287456,-0.08982035928143717,-0.08383233532934142,-0.3072294376579954,-0.13873580929315077
2020-03-12,0.659,0.656,0.665,0.648,568930,74798747.0,2.54,-1.8,-0.012,4.91,-0.004552352048558417,0.03471781435793626,715542.4,0.03450000000000005,4.180999999999999,6.1815,0.6718,0.6851,0.0015243902439023849,-0.04878048780487809,-0.08231707317073178,-0.13425439579857024,-0.137542103929844
2020-03-13,0.63,0.657,0.666,0.625,614060,79569634.0,6.25,0.15,0.001,5.3,-0.009049773755656076,0.03469328481895483,721546.15,0.011500000000000059,4.3265,6.233,0.6644,0.6830999999999999,-0.06392694063926951,-0.05022831050228316,-0.09741248097412492,-0.14888447916479797,0.037952251421380145
2020-03-16,0.659,0.615,0.659,0.611,555843,70843916.0,7.31,-6.39,-0.042,4.8,-0.10740203193033371,0.03620954708820237,720582.0,-0.5039999999999999,4.5185,6.224500000000001,0.6566000000000001,0.6744,0.006504065040650486,-0.047154471544715526,-0.06829268292682933,-0.2160646485546952,-0.1620704996147201
2020-03-17,0.619,0.619,0.629,0.591,455227,55786944.0,6.18,0.65,0.004,3.93,-0.12446958981612444,0.03558131698905579,700595.0,-0.6019999999999999,4.6825,6.0515,0.643,0.6653,-0.017770597738287597,-0.03877221324717295,-0.08077544426494354,0.21728979020280903,-0.1646637715566882
2020-03-18,0.626,0.608,0.638,0.608,402447,50329094.0,4.85,-1.78,-0.011,3.48,-0.1289398280802292,0.03564918591362131,685619.65,-0.6274999999999998,4.7975,5.9225,0.631,0.6561,0.026315789473684292,0.006578947368421018,-0.05592105263157898,0.32622853561031073,-0.15827489574733677
2020-03-19,0.61,0.624,0.627,0.6,465762,57173976.0,4.44,2.63,0.016,4.02,-0.12970711297071125,0.03560499940173684,673538.8,-0.6319999999999999,4.811999999999999,5.818,0.6246,0.6482,0.0,-0.03525641025641024,-0.04166666666666674,0.012150145889937347,-0.14040083062347686
2020-03-20,0.629,0.624,0.633,0.612,361416,44992920.0,3.37,0.0,0.0,3.12,-0.1544715447154471,0.03465334445868711,644404.25,-0.7785,4.7715000000000005,5.566,0.618,0.6412000000000001,-0.0608974358974359,-0.049679487179487225,-0.049679487179487225,0.013428090098396517,-0.14469717243774882
2020-03-23,0.601,0.586,0.607,0.581,511904,60992644.0,4.17,-6.09,-0.038,4.42,-0.2359843546284225,0.034732576327820446,631608.1,-1.2795,4.736,5.4555,0.6122,0.6344000000000001,0.015358361774744145,-0.022184300341296925,0.04436860068259385,-0.2271836906136081,-0.3097509535888071
2020-03-24,0.6,0.595,0.6,0.574,413039,48690467.0,4.44,1.54,0.009,3.57,-0.22827496757457855,0.035081541727291485,591485.85,-1.2285,4.606,5.109,0.6073999999999999,0.6252000000000001,0.028571428571428692,-0.043697478991596705,0.03361344537815136,-0.32753361946108994,-0.19778482345487225
2020-03-25,0.61,0.612,0.614,0.603,760542,92880808.0,1.85,2.86,0.017,6.57,-0.15586206896551724,0.03434926555185687,573428.65,-0.787,4.432499999999999,4.953,0.6082,0.6195999999999999,-0.016339869281045805,-0.06209150326797386,0.009803921568627416,-0.5808832030517697,-0.3034164352214662
2020-03-26,0.608,0.602,0.613,0.601,264868,32135724.0,1.96,-1.63,-0.01,2.29,-0.17307692307692313,0.034277755547127586,541548.1,-0.8889999999999999,4.2755,4.6775,0.6037999999999999,0.6142,-0.014950166112956853,-0.006644518272425293,-0.011627906976744207,-0.18017309051611397,-0.2222336394345612
2020-03-27,0.609,0.593,0.611,0.593,349033,41992256.0,2.99,-1.5,-0.009,3.02,-0.12407680945347133,0.03117693958849466,500423.1,-0.6134999999999999,4.205,4.3225,0.5976,0.6077999999999999,-0.033726812816188945,0.0,-0.018549747048903886,-0.19759575998276868,-0.2033817838281664
2020-03-30,0.579,0.573,0.582,0.563,395156,45105196.0,3.2,-3.37,-0.02,3.41,-0.18376068376068377,0.030022304759869237,493369.8,-0.9664999999999999,4.136,4.2615,0.595,0.6035999999999999,-0.006980802792321161,0.0680628272251309,0.04537521815008727,-0.10732832701666051,-0.11214157569016159
2020-03-31,0.579,0.569,0.582,0.568,217332,24983725.0,2.44,-0.7,-0.004,1.88,-0.19859154929577472,0.029622283435168897,465309.35,-1.0585,4.0085,4.019,0.5898,0.5986,0.008787346221441172,0.08084358523725843,0.04920913884007039,-0.1057416581447792,-0.10568238505733407
2020-04-01,0.568,0.574,0.586,0.565,620553,71845871.0,3.69,0.88,0.005,5.36,-0.18000000000000005,0.02992010505739847,472797.05,-0.944,3.996,4.0835,0.5821999999999999,0.5952,0.04181184668989557,0.0766550522648084,0.05574912891986061,0.3574337420866003,-0.10667607456855033
2020-04-02,0.571,0.598,0.599,0.57,386348,45157882.0,5.05,4.18,0.024,3.34,-0.14935988620199148,0.031935100034174775,468382.7,-0.7565,4.0555,4.0455,0.5814,0.5926,-0.00836120401337792,-0.0050167224080267525,0.02341137123745818,-0.11557295400954726,-0.28639878270915675
2020-04-03,0.595,0.593,0.601,0.589,457141,54445200.0,2.01,-0.84,-0.005,3.95,-0.14553314121037464,0.03191220641926106,471710.9,-0.7344999999999999,4.0634999999999994,4.0745000000000005,0.5814,0.5894999999999999,0.03204047217537953,-0.018549747048903886,0.045531197301855064,-0.03362493841971537,-0.2909500587328905
2020-04-07,0.609,0.612,0.614,0.605,367060,44752278.0,1.52,3.2,0.019,3.17,-0.06422018348623859,0.030752872385434726,460366.3,-0.2865,3.9305,3.9765,0.5892,0.5921000000000001,0.004901960784313708,-0.021241830065359513,0.008169934640522847,0.13986226043515493,-0.22276994091993174
2020-04-08,0.607,0.615,0.62,0.606,476043,58477262.0,2.29,0.49,0.003,4.11,-0.10480349344978179,0.028174855161628886,449315.2,-0.5145,3.7314999999999996,3.8810000000000002,0.5984,0.5941,0.004878048780487809,-0.029268292682926855,0.006504065040650486,0.23725860257107234,-0.21485759144762262
2020-04-09,0.619,0.618,0.621,0.613,369706,45677030.0,1.3,0.49,0.003,3.19,-0.0748502994011977,0.027742175064832748,450620.5,-0.3515,3.5925,3.8920000000000003,0.6072,0.5947,-0.03721682847896446,-0.01941747572815533,-0.014563106796116498,0.28128695657186187,-0.13058054545264908
2020-04-10,0.618,0.595,0.619,0.593,307222,36933764.0,4.21,-3.72,-0.023,2.65,-0.09298780487804881,0.028591116908225866,437535.1,-0.44749999999999995,3.6760000000000006,3.779,0.6065999999999999,0.594,-0.021848739495798353,0.028571428571428692,0.003361344537815114,-0.22979045979019208,-0.3385203280378062
2020-04-13,0.588,0.582,0.589,0.578,279484,32516536.0,1.85,-2.18,-0.013,2.41,-0.11415525114155256,0.02880988519672487,420806.3,-0.564,3.4560000000000004,3.6345000000000005,0.6043999999999999,0.5929,0.029209621993127266,0.06529209621993126,0.02405498281786933,-0.56543228451907,-0.42451145513847166
2020-04-14,0.587,0.599,0.6,0.586,335268,39744824.0,2.41,2.92,0.017,2.9,-0.026016260162601612,0.026311948818513838,409777.55,-0.0985,3.211,3.5394999999999994,0.6018,0.5955,-0.0033388981636059967,0.030050083472454192,-0.005008347245408995,-0.6376366274255302,-0.5350611328793542
2020-04-15,0.599,0.597,0.609,0.597,478237,57677948.0,2.0,-0.33,-0.002,4.13,-0.035541195476575194,0.026256479505266557,410928.05,-0.14750000000000002,3.0020000000000002,3.5495000000000005,0.5982,0.5982999999999999,0.015075376884422065,0.03685092127303191,-0.0016750418760469454,-0.6805340521184243,-0.5337702732049354
2020-04-16,0.593,0.606,0.608,0.591,1086560,130629122.0,2.85,1.51,0.009,9.39,-0.003289473684210509,0.026210948575865114,445133.7,0.01699999999999998,2.902,3.845,0.5958,0.6014999999999999,0.00990099009900991,0.004950495049504955,0.02970297029702973,-0.560329221876302,-0.25460410921506893
2020-04-17,0.613,0.612,0.624,0.609,596171,73350506.0,2.48,0.99,0.006,5.15,-0.019230769230769273,0.02559882693576162,451654.15,-0.065,2.8040000000000003,3.9015,0.5992,0.6029,0.013071895424836555,-0.02450980392156865,0.0490196078431373,-0.2996693825725797,-0.06042228723575349
2020-04-20,0.611,0.62,0.62,0.61,366736,45137445.0,1.63,1.31,0.008,3.17,-0.0064102564102563875,0.025782681718831864,451920.15,0.0005000000000000004,2.7169999999999996,3.904,0.6068,0.6055999999999999,-0.004838709677419395,-0.03870967741935483,0.024193548387096753,-0.16406318022230337,-0.03772520970081761
2020-04-21,0.615,0.617,0.617,0.605,593770,72533697.0,1.94,-0.48,-0.003,5.13,0.05290102389078499,0.021506758577081144,456013.45,0.28099999999999997,2.6055,3.9395,0.6104,0.6061,0.0032414910858995505,-0.03403565640194495,0.04700162074554304,0.1014202187232014,0.08836934166889132
2020-04-22,0.607,0.619,0.619,0.607,295574,36261508.0,1.94,0.32,0.002,2.55,0.04033613445378159,0.021304089804977815,450140.2,0.21999999999999997,2.4805,3.8885000000000005,0.6148,0.6065,-0.016155088852988664,-0.037156704361874016,0.03877221324717284,0.18352072010462628,0.10133541239834543
2020-04-23,0.618,0.609,0.619,0.608,294602,36055888.0,1.78,-1.62,-0.01,2.54,-0.004901960784313708,0.02072927709154072,426843.2,-0.004000000000000015,2.477,3.687,0.6154,0.6056,-0.019704433497536922,0.024630541871921263,0.062397372742200474,1.102017149365075,0.0026168587938810717
2020-04-24,0.609,0.597,0.612,0.594,329548,39731899.0,2.96,-1.97,-0.012,2.85,-0.00830564784053156,0.02088159732352865,430077.2,-0.02100000000000002,2.527,3.715,0.6124,0.6058,-0.0016750418760469454,0.07537688442211055,0.08207705192629833,0.6254847728531612,0.06815166997640532
2020-04-27,0.596,0.596,0.6,0.59,244376,29113046.0,1.68,-0.17,-0.001,2.11,0.005059021922428242,0.02059745376406863,424844.35,0.04549999999999998,2.4615,3.6695000000000007,0.6075999999999999,0.6072,0.0,0.06543624161073835,0.08221476510067127,1.4691896488859046,0.2027313164630744
2020-04-28,0.595,0.596,0.6,0.574,477482,56275891.0,4.36,0.0,0.0,4.12,0.04013961605584648,0.018967944583899225,428960.65,0.21399999999999997,2.5195,3.7049999999999996,0.6033999999999999,0.6069,0.0,0.08389261744966459,0.09228187919463093,1.219526935253438,0.5328467965433108
2020-04-29,0.595,0.596,0.599,0.591,396217,47268267.0,1.34,0.0,0.0,3.42,0.047451669595782064,0.018855168180830804,437904.9,0.24899999999999997,2.4645,3.782,0.5988,0.6068,0.046979865771812124,0.07885906040268464,0.06040268456375841,1.4788668305189958,0.8604554360950363
2020-04-30,0.6,0.624,0.626,0.6,526623,65010772.0,4.36,4.7,0.028,4.55,0.0871080139372824,0.02130191999597426,433208.4,0.44000000000000006,2.4979999999999998,3.7415,0.6017999999999999,0.6085999999999999,0.028846153846153966,0.03685897435897445,0.040064102564102644,-0.3507776502397143,-0.04250100069105178
2020-05-06,0.617,0.642,0.642,0.616,680207,86195358.0,4.17,2.88,0.018,5.88,0.07357859531772593,0.02027597921263858,447901.35,0.375,2.4539999999999997,3.8685,0.6108,0.6115999999999999,-0.010903426791277315,0.006230529595015577,-0.006230529595015577,-0.5063669369175079,-0.18377443136095428
2020-05-07,0.644,0.635,0.649,0.635,722807,92431113.0,2.18,-1.09,-0.007,6.24,0.07082630691399672,0.02036368232560671,461184.65,0.3625,2.4625,3.9829999999999997,0.6186,0.6131,0.017322834645669305,0.015748031496062964,-0.017322834645669305,-0.6310367085653122,-0.14368520332197987
2020-05-08,0.641,0.646,0.654,0.641,471889,61061343.0,2.05,1.73,0.011,4.08,0.05555555555555558,0.019531648855246487,466426.1,0.289,2.489,4.028499999999999,0.6285999999999999,0.6159999999999999,-0.004643962848297267,0.007739938080495445,-0.052631578947368474,-0.7426244168778471,-0.1843294616230189
2020-05-11,0.648,0.643,0.654,0.638,548016,70832560.0,2.48,-0.46,-0.003,4.73,0.04552845528455296,0.019596356651154778,470024.75,0.24149999999999996,2.4985,4.0595,0.638,0.6184,0.0062208398133747345,-0.017107309486780742,-0.0637636080870918,-0.36216778001694405,-0.17586668559137342
2020-05-12,0.641,0.647,0.647,0.631,292668,37394866.0,2.49,0.62,0.004,2.53,0.046925566343042124,0.01960755441503399,466172.85,0.248,2.5580000000000003,4.0265,0.6426000000000001,0.6222,-0.0015455950540957941,0.0030911901081915882,-0.04173106646058733,0.26484508245988336,0.03922691931975364
2020-05-13,0.64,0.646,0.649,0.638,315412,40614325.0,1.7,-0.15,-0.001,2.72,0.08571428571428585,0.01729254930147466,466582.35,0.4265,2.4325,4.03,0.6434,0.6271,-0.001547987616099089,-0.012383900928792602,-0.05727554179566563,1.016834229838782,0.17318800843361637
2020-05-14,0.643,0.645,0.653,0.642,393773,50912771.0,1.7,-0.15,-0.001,3.4,0.10824742268041243,0.01624328618930457,472296.8,0.5279999999999999,2.425,4.0794999999999995,0.6454000000000001,0.632,0.009302325581395321,-0.032558139534883734,-0.058914728682170625,1.658492305129632,0.17196101841166977
2020-05-15,0.646,0.651,0.658,0.644,423928,55133504.0,2.17,0.93,0.006,3.66,0.08681135225375636,0.015280900496906039,476729.8,0.4285,2.413,4.117500000000001,0.6464000000000001,0.6375,-0.029185867895545337,-0.05990783410138256,-0.06451612903225812,2.7718512732539944,0.16426322638313784
2020-05-18,0.649,0.632,0.652,0.631,505413,64611657.0,3.23,-2.92,-0.019,4.37,0.058626465661641536,0.016959934513370006,478088.6,0.299,2.4745,4.129499999999999,0.6442,0.6411,0.02689873417721511,-0.04746835443037978,0.011075949367088667,0.3458420196438048,0.1872500253185181
2020-05-19,0.636,0.649,0.649,0.634,359029,46083297.0,2.37,2.69,0.017,3.1,0.0709570957095711,0.017597510550278028,441712.05,0.358,2.4505000000000003,3.815,0.6446,0.6436,-0.016949152542372947,-0.044684129429892194,-0.01078582434514641,0.06938472378307337,0.34382521827616075
2020-05-20,0.648,0.638,0.648,0.635,226357,29049168.0,2.0,-1.69,-0.011,1.96,0.042483660130719025,0.01810667167344312,423221.35,0.22399999999999998,2.4265,3.6555,0.643,0.6432,-0.021943573667711602,-0.045454545454545525,0.00783699059561127,-0.0024658255817814334,0.403740854897054
2020-05-21,0.638,0.624,0.641,0.621,357478,44982354.0,3.13,-2.19,-0.014,3.09,0.006451612903225712,0.01868740457177232,422758.45,0.049,2.5015,3.6515,0.6388,0.6421,-0.019230769230769273,-0.027243589743589758,0.025641025641025772,-0.12282827703618215,0.24082797815918067
2020-05-22,0.623,0.612,0.626,0.606,305856,37591371.0,3.21,-1.92,-0.012,2.64,-0.008103727714748765,0.01917400067099351,408362.75,-0.023,2.565,3.527,0.631,0.6387,-0.016339869281045805,-0.004901960784313708,0.05555555555555558,-0.1322604456013433,0.20264074948275002
2020-05-25,0.606,0.602,0.609,0.599,220365,26585948.0,1.63,-1.63,-0.01,1.9,-0.02746365105008075,0.01948463175619725,404602.3,-0.12050000000000001,2.5495,3.494500000000001,0.625,0.6346,0.029900332225913706,0.06146179401993357,0.07475083056478415,0.31568559282263675,0.09716873700235618
2020-05-26,0.606,0.62,0.62,0.606,272677,33524779.0,2.33,2.99,0.018,2.36,0.01806239737274229,0.02032894926800996,403506.05,0.11000000000000001,2.577,3.4855000000000005,0.6192,0.6319,-0.01774193548387093,0.03548387096774186,0.04677419354838719,0.15152017575357069,-0.15922794910727467
2020-05-27,0.62,0.609,0.62,0.607,194719,23825173.0,2.1,-1.77,-0.011,1.68,0.0201005025125629,0.020227779065157134,396764.6,0.12,2.534,3.4270000000000005,0.6134000000000001,0.6282,-0.003284072249589487,0.0558292282430215,0.07224958949096894,-0.015662067878506103,-0.2665828161649313
2020-05-28,0.608,0.607,0.612,0.596,281406,34015877.0,2.63,-0.33,-0.002,2.43,0.01845637583892623,0.02024296040457279,398616.1,0.11200000000000002,2.5814999999999997,3.4430000000000005,0.61,0.6244,0.0032948929159801743,0.054365733113673764,0.07413509060955525,0.05219819626801159,-0.27133141974493813
2020-05-29,0.602,0.609,0.615,0.602,139834,17059471.0,2.14,0.33,0.002,1.21,0.02181208053691286,0.020246877839493426,381733.7,0.1285,2.4705,3.2975000000000003,0.6093999999999999,0.6202,0.049261083743842304,0.06075533661740562,0.06896551724137945,0.10840461205128338,-0.2466268814541518
2020-06-01,0.618,0.639,0.639,0.616,385095,48758889.0,3.78,4.93,0.03,3.33,0.07214765100671139,0.022905685950915602,381177.6,0.375,2.5925000000000002,3.293,0.6168,0.6209,0.0046948356807512415,0.012519561815336422,0.006259780907668322,-0.8095940977316591,-0.7587437889267941
2020-06-02,0.639,0.642,0.646,0.637,392563,50321501.0,1.41,0.47,0.003,3.39,0.028846153846153966,0.020532626269189003,374474.6,0.16349999999999998,2.445,3.2350000000000003,0.6212,0.6202,0.0015576323987538387,0.010903426791277315,0.02336448598130847,-0.800654086327897,-0.6191223851945437
2020-06-03,0.645,0.643,0.652,0.638,345484,44561051.0,2.18,0.16,0.001,2.98,0.0015576323987538387,0.019509463039762164,357738.45,0.027499999999999997,2.3455000000000004,3.0900000000000003,0.6279999999999999,0.6207,-0.004665629860031162,0.015552099533437058,0.026438569206842955,-0.7549377124461547,-0.6069290768650677
2020-06-04,0.644,0.64,0.647,0.638,222724,28603381.0,1.4,-0.47,-0.003,1.92,0.007874015748031482,0.01937102713369375,332734.3,0.05850000000000001,2.3065,2.874,0.6346,0.6223,0.009374999999999911,0.018750000000000044,0.046875,-0.8070543101055097,-0.5659419669403252
2020-06-05,0.641,0.646,0.647,0.639,197172,25357959.0,1.25,0.94,0.006,1.7,0.0,0.019088698104137335,318998.45,0.018999999999999996,2.2664999999999997,2.755,0.642,0.6256999999999999,0.001547987616099089,0.007739938080495445,0.04179566563467496,-0.8475402233445029,-0.5439637930000965
2020-06-08,0.648,0.647,0.657,0.645,305450,39832768.0,1.86,0.15,0.001,2.64,0.0062208398133747345,0.019056674794422995,306870.15,0.049499999999999995,2.2355,2.6505,0.6436,0.6302,0.0030911901081915882,-0.0061823802163832875,0.057187017001545604,0.3641579610177337,-0.473826287880724
2020-06-09,0.646,0.649,0.65,0.641,226809,29320691.0,1.39,0.31,0.002,1.96,0.0030911901081915882,0.019019875448284984,303577.2,0.033999999999999996,2.1805,2.6220000000000003,0.645,0.6331,0.006163328197226425,0.012326656394453073,0.06471494607087824,1.518976814600555,-0.41846363126531194
2020-06-10,0.648,0.653,0.653,0.642,242241,31381764.0,1.69,0.62,0.004,2.09,0.010835913312693402,0.019058057008164438,299918.65,0.0725,2.18,2.5904999999999996,0.647,0.6375,-0.0015313935681470214,0.010719754977029039,0.06431852986217446,1.370667912080524,-0.3463981565294314
2020-06-11,0.653,0.652,0.663,0.648,406354,53339140.0,2.3,-0.15,-0.001,3.51,0.010852713178294504,0.019057953896086093,300547.7,0.0725,2.21,2.596,0.6494000000000001,0.642,-0.0015337423312883347,0.027607361963190247,0.052147239263803824,2.2030986314157124,-0.24139909591376674
2020-06-12,0.64,0.651,0.654,0.636,246631,31867192.0,2.76,-0.15,-0.001,2.13,0.0,0.018954596955724892,291682.85,0.018499999999999996,2.2395,2.5195,0.6504,0.6462000000000001,-0.01228878648233489,0.03379416282642089,0.08294930875576023,2.9590088777124777,-0.1426489038171489
2020-06-15,0.646,0.643,0.656,0.643,193203,25048977.0,2.0,-1.23,-0.008,1.67,0.017405063291139333,0.0179259771037887,276072.35,0.10300000000000001,2.178,2.3845,0.6496000000000001,0.6466000000000001,0.021772939346811793,0.0637636080870918,0.10264385692068423,0.0957261750162437,0.8442028598002294
2020-06-16,0.655,0.657,0.658,0.65,498665,65276674.0,1.24,2.18,0.014,4.31,0.012326656394453073,0.01756951734525683,283054.15,0.07750000000000001,2.1215,2.445,0.6512,0.6481,0.004566210045662045,0.05175038051750369,0.09589041095890405,-0.5536094749879976,0.1813189739864125
2020-06-17,0.66,0.66,0.661,0.651,296888,38931536.0,1.52,0.46,0.003,2.56,0.034482758620689724,0.017080159930212096,286580.7,0.185,2.0974999999999997,2.475,0.6526,0.6498,0.015151515151515138,0.05303030303030298,0.0924242424242423,-0.572895392455673,0.20067796012778172
2020-06-18,0.66,0.67,0.67,0.658,541137,72013791.0,1.82,1.52,0.01,4.67,0.07371794871794868,0.016361282144856888,295763.65,0.3705,2.032,2.554,0.6562,0.6528,0.004477611940298498,0.023880597014925398,0.13432835820895517,-0.18707994800308902,0.9049634230993768
2020-06-19,0.668,0.673,0.676,0.666,300460,40331734.0,1.49,0.45,0.003,2.6,0.09967320261437917,0.015446660133810932,295493.85,0.48900000000000005,1.9460000000000002,2.552,0.6606000000000001,0.6555000000000001,0.01634472511144125,0.047548291233283635,0.14561664190193158,0.1577190672155755,0.9094408102598082
2020-06-22,0.675,0.684,0.687,0.675,297434,40583350.0,1.78,1.63,0.011,2.57,0.13621262458471772,0.014799640026663848,299347.3,0.6519999999999999,1.9535,2.5855,0.6688000000000001,0.6592,0.010233918128654818,0.03654970760233911,0.1578947368421053,0.8898024644760094,0.8269948646299385
2020-06-23,0.684,0.691,0.692,0.679,252315,34603018.0,1.9,1.02,0.007,2.18,0.11451612903225805,0.013781925766008288,298329.2,0.5534999999999999,1.932,2.5765000000000002,0.6756,0.6634,0.005788712011577379,0.04196816208393628,0.1837916063675833,1.65434044171251,0.8907262514732692
2020-06-24,0.691,0.695,0.697,0.69,211467,29324708.0,1.01,0.58,0.004,1.83,0.14121510673234816,0.012649012082578624,299166.6,0.671,1.8775,2.584,0.6826,0.6676,-0.012949640287769681,0.037410071942446166,0.1697841726618705,1.8542143513344875,1.003055677321643
2020-06-29,0.692,0.686,0.695,0.682,289969,39816331.0,1.87,-1.29,-0.009,2.5,0.13014827018121933,0.013222241008506374,299594.75,0.623,1.8395000000000004,2.5875,0.6858,0.671,0.027696793002915276,0.10787172011661794,0.22157434402332354,0.9329188661522709,0.5342900062772125
2020-06-30,0.692,0.705,0.707,0.69,231370,32373774.0,2.48,2.77,0.019,2.0,0.1576354679802956,0.014038978475486442,304171.55,0.7449999999999999,1.8565,2.627,0.6921999999999999,0.6763999999999999,0.005673758865248235,0.09361702127659588,0.1645390070921986,0.3968800067481486,0.6297241457063294
2020-07-01,0.706,0.709,0.711,0.695,277011,39013562.0,2.27,0.57,0.004,2.39,0.10954616588419408,0.010009705805497222,298767.35,0.5269999999999999,1.7810000000000001,2.58,0.6972,0.683,0.015514809590973178,0.11706629055007056,0.1114245416078985,0.3715133359520153,1.4769941968602454
2020-07-02,0.709,0.72,0.72,0.701,384510,54875365.0,2.68,1.55,0.011,3.32,0.12149532710280364,0.010266742057193577,298364.7,0.5810000000000001,1.8445,2.5765000000000002,0.703,0.6893,0.001388888888888884,0.13611111111111107,0.03194444444444455,0.3283880314867518,2.284655723197521
2020-07-03,0.725,0.721,0.725,0.707,302300,43287938.0,2.5,0.14,0.001,2.61,0.12130637636080865,0.010270480005094111,296205.5,0.58,1.8605,2.558,0.7081999999999999,0.6954,0.05409153952843271,0.12760055478502075,0.030513176144244092,0.462066452252784,2.2254832482145015
2020-07-06,0.728,0.76,0.765,0.727,411911,61056288.0,5.27,5.41,0.039,3.56,0.1875,0.014609232475640938,305664.85,0.874,2.054,2.6399999999999997,0.7230000000000001,0.7043999999999999,0.014473684210526416,0.10263157894736841,0.002631578947368318,-0.23588392999132846,0.7518849914449228
2020-07-07,0.771,0.771,0.807,0.763,525112,81799395.0,5.79,1.45,0.011,4.54,0.19349845201238391,0.01466548115379341,322061.85,0.8995,2.2809999999999997,2.782,0.7362,0.7142,0.027237354085603238,0.06485084306095978,-0.005188067444876765,0.1675996127828261,0.759397333751634
2020-07-08,0.768,0.792,0.792,0.764,324887,50608921.0,3.63,2.72,0.021,2.81,0.22411128284389492,0.015098551999661728,323033.7,1.028,2.3695,2.7904999999999998,0.7527999999999999,0.725,0.03282828282828265,-0.005050505050505083,-0.018939393939393923,0.6084551136860019,0.6524769037974596
2020-07-09,0.792,0.818,0.825,0.786,487303,78952133.0,4.92,3.28,0.026,4.21,0.26040061633281963,0.01580238830600906,336058.4,1.1764999999999999,2.5460000000000003,2.9029999999999996,0.7724,0.7377,-0.006112469437652868,-0.09168704156479213,-0.06112469437652801,0.6979671223264452,0.45953048048489475
2020-07-10,0.814,0.813,0.825,0.804,458971,74829637.0,2.57,-0.61,-0.005,3.96,0.2450229709035221,0.016262710949990832,346894.9,1.115,2.5900000000000003,2.9965,0.7908,0.7495,0.03075030750307506,-0.08610086100861003,-0.11193111931119304,0.5409603804427761,0.6175666179063874
2020-07-13,0.806,0.838,0.838,0.806,363403,60021268.0,3.94,3.08,0.025,3.14,0.2852760736196318,0.01653839925033135,344747.35,1.2765,2.6719999999999997,2.9779999999999998,0.8064,0.7646999999999999,-0.02028639618138428,-0.09069212410501193,-0.13365155131264916,1.016622786777822,0.678603006639477
2020-07-14,0.843,0.821,0.843,0.804,471082,77431110.0,4.65,-2.03,-0.017,4.07,0.2611367127496158,0.017869186904643695,355969.9,1.1824999999999999,2.7664999999999997,3.075,0.8164,0.7763,-0.04019488428745421,-0.06577344701583432,-0.10231425091352009,0.4076926889623007,0.43572427782252143
2020-07-15,0.821,0.788,0.826,0.784,593519,94978939.0,5.12,-4.02,-0.033,5.13,0.22550544323483668,0.020713708930237953,375985.7,1.043,2.9225000000000003,3.2479999999999998,0.8156000000000001,0.7842,-0.05710659898477166,-0.013959390862944177,-0.030456852791878153,0.001669399883090783,0.15746822537009764
2020-07-16,0.782,0.743,0.796,0.74,501692,77087987.0,7.11,-5.71,-0.045,4.33,0.1308980213089801,0.02541479699101241,376137.05,0.6485,3.2159999999999997,3.2489999999999997,0.8006,0.7865,0.0,0.03364737550471064,0.014804845222072593,-0.5868548218033722,-0.24451025815650762
2020-07-17,0.742,0.743,0.758,0.734,363996,54153730.0,3.23,0.0,0.0,3.14,0.12575757575757573,0.025453359775954892,379492.45,0.6255000000000001,3.3015,3.278,0.7866000000000001,0.7887,0.025572005383580176,-0.02826379542395696,0.037685060565275874,-0.029589665241619656,-0.22264522478171134
2020-07-20,0.754,0.762,0.762,0.737,334400,50216108.0,3.36,2.56,0.019,2.89,0.13731343283582076,0.025750082831715728,369155.6,0.6775,3.3785,3.189,0.7714000000000001,0.7889,0.006561679790026309,-0.047244094488189003,0.04330708661417337,-0.0877456527180257,-0.11723415133392645
2020-07-21,0.77,0.767,0.773,0.757,288957,44329517.0,2.1,0.66,0.005,2.5,0.13967310549777112,0.02574452938271256,368580.45,0.688,3.409,3.184,0.7605999999999999,0.7885,0.01303780964797907,-0.039113428943937434,0.019556714471968828,-0.09529087447819584,-0.08504407910332168
2020-07-22,0.762,0.777,0.786,0.762,308922,47937517.0,3.13,1.3,0.01,2.67,0.13596491228070162,0.025691074585378552,369154.85,0.6715000000000001,3.4765,3.189,0.7584000000000001,0.7869999999999999,-0.01158301158301156,-0.016731016731016735,0.018018018018018056,0.135294895072678,-0.054427949158328603
2020-07-23,0.77,0.768,0.773,0.747,388203,59080980.0,3.35,-1.16,-0.009,3.35,0.1114327062228655,0.025994950252496134,375949.25,0.5625000000000001,3.5490000000000004,3.2475,0.7634000000000001,0.782,-0.05989583333333337,-0.01822916666666663,0.02994791666666674,1.617258334164256,0.014939764214642492
2020-07-24,0.762,0.722,0.765,0.719,354280,52455209.0,5.99,-5.99,-0.046,3.06,0.03884892086330938,0.02983769267839484,383089.9,0.23400000000000007,3.7980000000000005,3.309,0.7592,0.7729,0.005540166204986097,0.06786703601108046,0.06925207756232687,-0.44111793301113866,-0.3730263010026129
2020-07-27,0.724,0.726,0.736,0.718,212693,30941070.0,2.49,0.55,0.004,1.84,0.058309037900874605,0.029624876592210896,379226.1,0.326,3.8289999999999997,3.276,0.752,0.7617,0.015151515151515138,0.0950413223140496,0.06336088154269981,-0.34569260490884013,-0.311076662697513
2020-07-28,0.731,0.737,0.739,0.728,149413,21937428.0,1.52,1.52,0.011,1.29,0.04539007092198588,0.0292101278684984,375128.25,0.26350000000000007,3.7809999999999997,3.2405,0.746,0.7533000000000001,0.03663500678426046,0.06105834464043425,0.02170963364993228,-0.19318703565062156,-0.2780631445543684
2020-07-29,0.734,0.764,0.765,0.734,209519,31467837.0,4.21,3.66,0.027,1.81,0.07757404795486611,0.030184009349001773,371753.65,0.41800000000000004,3.878,3.2115,0.7434,0.7509,-0.01308900523560208,0.035340314136125706,-0.017015706806282727,-0.4174856014931627,-0.41476452848597256
2020-07-30,0.766,0.754,0.769,0.752,184317,27893138.0,2.23,-1.31,-0.01,1.59,0.047222222222222276,0.03029613206030702,361744.0,0.2750000000000001,3.8555,3.125,0.7406,0.752,0.022546419098143256,0.049071618037135334,-0.006631299734747964,-0.48658502678348414,-0.3034400511732285
2020-07-31,0.755,0.771,0.776,0.755,261792,40167717.0,2.79,2.25,0.017,2.26,0.06934812760055475,0.030613825723588617,359718.6,0.38050000000000006,3.87,3.1075,0.7504000000000001,0.7548,0.031128404669260812,0.0012970168612191912,-0.009079118028534339,0.1828321864647695,-0.33556515028905776
2020-08-03,0.781,0.795,0.795,0.776,453379,71238171.0,2.46,3.11,0.024,3.92,0.046052631578947345,0.029017707381201623,361792.0,0.26550000000000007,3.7294999999999994,3.1254999999999997,0.7642,0.7581,-0.01635220125786163,-0.028930817610062887,-0.018867924528301883,-0.2684198574221778,-0.41280442508124116
2020-08-04,0.799,0.782,0.799,0.777,511295,80227826.0,2.77,-1.64,-0.013,4.42,0.014267185473411104,0.02917541434541207,361101.15,0.11100000000000007,3.5785000000000005,3.1195,0.7732,0.7596,0.011508951406649537,-0.037084398976982125,-0.006393861892583175,-0.3573671150571427,-0.45552296858410657
2020-08-05,0.8,0.791,0.8,0.78,265006,41832419.0,2.56,1.15,0.009,2.29,-0.0012626262626262985,0.02864141900718908,358107.1,0.03250000000000007,3.525,3.0935,0.7786000000000001,0.761,0.0,-0.050568900126422345,-0.04930467762326174,-0.3916057267578912,-0.3766735713132007
2020-08-06,0.79,0.791,0.794,0.778,258682,40684278.0,2.02,0.0,0.0,2.23,-0.033007334963325086,0.027602921543732357,346676.05,-0.1314999999999999,3.3800000000000003,2.9945,0.7860000000000001,0.7633,-0.024020227560050622,-0.053097345132743445,-0.05183312262958284,-0.3374370753818966,-0.3702837057219015
2020-08-07,0.787,0.772,0.787,0.758,258723,39927810.0,3.67,-2.4,-0.019,2.23,-0.05043050430504292,0.028053690871238907,336663.65,-0.22099999999999992,3.435,2.9080000000000004,0.7862,0.7683,0.0,-0.010362694300518172,-0.020725388601036232,-0.28245064169322176,-0.17678477947429017
2020-08-10,0.766,0.772,0.778,0.761,144161,22186926.0,2.2,0.0,0.0,1.25,-0.07875894988066823,0.026974378828122526,325701.55,-0.3749999999999999,3.348,2.8135000000000003,0.7816000000000001,0.7729,-0.024611398963730546,0.010362694300518172,0.005181347150259086,0.3309208450159431,-0.07076917440605124
2020-08-11,0.769,0.753,0.775,0.752,167991,25746315.0,2.98,-2.46,-0.019,1.45,-0.08282582216808765,0.02713087380411333,310547.0,-0.39649999999999996,3.2645000000000004,2.6825,0.7758,0.7745,-0.0026560424966799445,0.031872509960159334,0.025232403718459473,-0.1994004203084394,-0.2366058156288926
2020-08-12,0.748,0.751,0.754,0.73,196642,29146923.0,3.19,-0.27,-0.002,1.7,-0.04695431472081224,0.025755703596713277,290703.15,-0.209,3.168,2.511,0.7678,0.7732,-0.0026631158455392434,0.0013315579227697327,-0.0013315579227696217,0.6901080405366209,0.04448168428245114
2020-08-13,0.753,0.749,0.755,0.746,126740,19018004.0,1.2,-0.27,-0.002,1.09,0.008075370121130465,0.022275965404075605,271955.55,0.06300000000000001,2.8724999999999996,2.3489999999999998,0.7594,0.7727,0.020026702269692942,0.001335113484646211,0.012016021361815676,0.7561159745218056,0.08175861390694661
2020-08-14,0.75,0.764,0.764,0.745,253049,38258521.0,2.54,2.0,0.015,2.19,0.02826379542395685,0.022691886992436405,266408.2,0.163,2.838,2.3015,0.7578,0.772,0.020942408376963373,-0.010471204188481686,0.003926701570680535,0.24043798732208566,0.06365297774212353
2020-08-17,0.765,0.78,0.78,0.762,191023,29496435.0,2.36,2.09,0.016,1.65,0.023622047244094446,0.022457329023318155,259239.35,0.1395,2.788,2.2395,0.7594000000000001,0.7705000000000001,-0.0038461538461538325,-0.00512820512820511,-0.019230769230769273,0.12531984227949478,0.09611045630154558
2020-08-18,0.779,0.777,0.78,0.771,172786,26812946.0,1.15,-0.38,-0.003,1.49,0.01303780964797907,0.022452265940702768,253430.8,0.0875,2.7405,2.189,0.7642,0.7699999999999999,-0.03217503217503215,-0.006435006435006385,-0.01029601029601035,0.6557326611369458,0.1582667592246192
2020-08-19,0.776,0.752,0.776,0.751,229764,34935333.0,3.22,-3.22,-0.025,1.98,-0.03217503217503215,0.02342007626267898,249472.9,-0.1385,2.745,2.1544999999999996,0.7644,0.7661,-0.0026595744680850686,-0.0026595744680850686,0.030585106382978733,-0.07874468585717231,-0.19106251939892982
2020-08-20,0.744,0.75,0.759,0.743,124101,18644660.0,2.13,-0.27,-0.002,1.07,-0.0234375,0.023299973559116484,236267.8,-0.094,2.684,2.0405,0.7646000000000001,0.762,0.008000000000000007,0.010666666666666602,0.020000000000000018,-0.05581074755918136,-0.14316171589396298
2020-08-21,0.755,0.756,0.766,0.75,118382,17955522.0,2.13,0.8,0.006,1.02,0.047091412742382266,0.018759441428942217,224472.9,0.2455,2.491,1.9385,0.763,0.7604000000000001,0.02645502645502651,0.014550264550264647,0.015873015873015817,0.06460222666219684,-0.1037320358146272
2020-08-24,0.756,0.776,0.778,0.753,250395,38436543.0,3.31,2.65,0.02,2.16,0.0688705234159781,0.019507604385007156,226358.0,0.35050000000000003,2.532,1.9545,0.7622,0.7608,-0.005154639175257714,-0.014175257731958824,-0.03350515463917525,-0.23536142673100524,-0.25667315843890404
2020-08-25,0.777,0.772,0.78,0.768,166882,25786158.0,1.55,-0.52,-0.004,1.44,0.04748982360922671,0.019398273308831156,227231.45,0.24850000000000003,2.5335,1.9619999999999997,0.7612,0.7627,-0.02849740932642486,-0.0038860103626943143,-0.025906735751295318,-0.22441509410197769,-0.16479379014445716
2020-08-26,0.769,0.75,0.77,0.746,197209,29808589.0,3.11,-2.85,-0.022,1.7,-0.01832460732984298,0.018824951797150845,226615.95,-0.077,2.4785,1.9565000000000001,0.7608,0.7626,0.010666666666666602,0.03333333333333344,-0.033333333333333326,-0.7130808739324065,-0.19533893559854443
2020-08-27,0.75,0.758,0.76,0.743,115911,17443789.0,2.27,1.07,0.008,1.0,0.0053050397877985045,0.018755136417593497,223195.65,0.042,2.4805,1.927,0.7624000000000001,0.7635,0.011873350923482962,0.00923482849604218,-0.0725593667546175,-0.5228068733199269,-0.14279497466749647
2020-08-28,0.753,0.767,0.768,0.751,151879,23046018.0,2.24,1.19,0.009,1.31,-0.005188067444876765,0.01823747971460522,217700.0,-0.011,2.4530000000000003,1.8795000000000002,0.7646,0.7638,-0.0026075619295958807,0.0013037809647979959,-0.06258148631029992,-0.6020973558563518,-0.027731245358492362
2020-08-31,0.769,0.765,0.778,0.765,194737,30066210.0,1.69,-0.26,-0.002,1.68,-0.037735849056603765,0.01669156868071741,204767.9,-0.1795,2.4145,1.7675,0.7624,0.7623,0.005228758169934622,-0.019607843137254943,-0.045751633986928164,-0.1631044421365896,0.114243433316906
2020-09-01,0.762,0.769,0.769,0.756,173032,26384351.0,1.7,0.52,0.004,1.49,-0.01662404092071612,0.016395466325222312,187854.75,-0.07149999999999998,2.3609999999999998,1.621,0.7618,0.7615000000000001,0.007802340702210753,-0.022106631989596948,-0.052015604681404426,-0.2002267240761899,0.09336159972950386
2020-09-02,0.769,0.775,0.78,0.767,152932,23659909.0,1.69,0.78,0.006,1.32,-0.020227560050568916,0.01627055654635175,182251.05,-0.08999999999999998,2.3175,1.5725000000000002,0.7668,0.7638,-0.012903225806451646,-0.06451612903225812,-0.06967741935483873,1.9660794417455594,0.33679967498275
2020-09-03,0.78,0.765,0.782,0.762,231166,35431299.0,2.58,-1.29,-0.01,2.0,-0.03286978508217453,0.016487581106133742,180875.25,-0.1545,2.3455,1.5610000000000002,0.7682,0.7653,0.0039215686274509665,-0.08104575163398697,-0.050980392156862786,0.9077799037501717,0.28929203855357666
2020-09-04,0.76,0.768,0.768,0.75,150257,22897200.0,2.35,0.39,0.003,1.3,-0.005181347150259086,0.015644731330157466,175451.95,-0.014999999999999986,2.2795,1.5145,0.7684,0.7665000000000001,-0.0234375,-0.06380208333333337,-0.04166666666666674,1.9819971997173824,0.3485781475223464
2020-09-07,0.769,0.75,0.773,0.746,190748,29052665.0,3.52,-2.34,-0.018,1.65,-0.02849740932642486,0.016488510296084065,177781.3,-0.13199999999999998,2.3455,1.5345,0.7654,0.7639,0.002666666666666595,-0.026666666666666727,-0.02533333333333332,0.9530587812017297,0.35393055393742157
2020-09-08,0.75,0.752,0.755,0.74,201188,30076945.0,2.0,0.27,0.002,1.74,-0.0013280212483399723,0.015562203178654982,179441.15,0.004500000000000015,2.2965,1.549,0.762,0.7619,-0.03590425531914898,-0.030585106382978733,-0.04122340425531923,0.9921022377199875,0.3593396842786636
2020-09-09,0.743,0.725,0.743,0.722,180204,26446342.0,2.79,-3.59,-0.027,1.56,-0.03462050599201072,0.01751919108594581,178619.25,-0.16149999999999998,2.2765,1.542,0.752,0.7594,-0.030344827586206935,-0.0055172413793103114,0.0027586206896552667,0.2397200650837641,0.013929621854111618
2020-09-10,0.729,0.703,0.733,0.701,156896,22466627.0,4.41,-3.03,-0.022,1.36,-0.06141522029372504,0.018662665519982753,180127.05,-0.2995,2.4370000000000003,1.5554999999999999,0.7396,0.7539,0.022759601706970223,0.03271692745376953,0.007112375533428139,-0.2884024716041954,-0.11016776148612728
2020-09-11,0.696,0.719,0.719,0.696,366253,52291982.0,3.27,2.28,0.016,3.16,-0.05890052356020947,0.018849189091516227,185787.25,-0.2855,2.4735000000000005,1.6039999999999999,0.7298,0.7491,0.015299026425591222,0.02364394993045904,-0.018080667593880384,-0.5571330161731953,-0.2987275211897569
2020-09-14,0.721,0.73,0.733,0.72,100174,14563287.0,1.81,1.53,0.011,0.87,-0.06410256410256421,0.018513355185063255,181244.8,-0.3135,2.446,1.565,0.7258,0.7455999999999999,-0.00136986301369868,0.00136986301369868,-0.03972602739726028,-0.6219257649273482,-0.4107951246950752
2020-09-15,0.731,0.729,0.733,0.722,121785,17695519.0,1.51,-0.14,-0.001,1.05,-0.061776061776061875,0.018516684329499527,178694.75,-0.3015,2.464,1.543,0.7212,0.7416,-0.010973936899862813,-0.010973936899862813,-0.026063100137174278,-0.5485360676385362,-0.3448803721685191
2020-09-16,0.729,0.721,0.731,0.716,133378,19246786.0,2.06,-1.1,-0.008,1.15,-0.04122340425531923,0.01732843530209271,173875.45,-0.19549999999999995,2.4059999999999997,1.5015,0.7204,0.7362,0.006934812760055475,0.00832177531206657,-0.020804438280166426,-0.45819718027724665,-0.3429537940441447
2020-09-17,0.72,0.726,0.732,0.713,91077,13145662.0,2.64,0.69,0.005,0.79,-0.03200000000000003,0.01744046265333007,172224.25,-0.14749999999999996,2.4315,1.4875,0.725,0.7323000000000001,0.01377410468319562,-0.024793388429752095,0.009641873278236845,0.21969392839380353,-0.08622669107634207
2020-09-18,0.723,0.736,0.736,0.721,114346,16704157.0,2.07,1.38,0.01,0.99,-0.02645502645502651,0.017652145954086196,172022.45,-0.11849999999999997,2.4285,1.486,0.7283999999999999,0.7291,-0.006793478260869623,-0.040760869565217406,0.025815217391304435,0.16597166805294283,-0.025144467698417494
2020-09-21,0.739,0.731,0.742,0.73,139854,20564766.0,1.63,-0.68,-0.005,1.21,-0.0579896907216495,0.016435211960348185,166495.4,-0.285,2.3445,1.4385,0.7285999999999999,0.7272,-0.013679890560875485,-0.041039671682626566,0.03146374829001375,0.2702760380088265,0.02000851376983026
2020-09-22,0.724,0.721,0.732,0.719,83635,12140251.0,1.78,-1.37,-0.01,0.72,-0.06606217616580312,0.016607699296810198,162333.05,-0.3275,2.3560000000000003,1.4024999999999999,0.727,0.7241,0.00832177531206657,-0.015256588072122046,0.026352288488210807,0.2797078176466834,0.035664680056638254
2020-09-23,0.723,0.727,0.729,0.719,73535,10649211.0,1.39,0.83,0.006,0.64,-0.03066666666666673,0.015679929582417276,156149.35,-0.1435,2.2700000000000005,1.3495,0.7282,0.7243,-0.02613480055020634,-0.028885832187070193,0.009628610729023324,0.21135731835733274,0.2591327944951094
2020-09-24,0.721,0.708,0.722,0.708,103880,14851028.0,1.93,-2.61,-0.019,0.9,-0.06596306068601587,0.01633049078271988,155547.8,-0.32749999999999996,2.253,1.3445,0.7246,0.7247999999999999,-0.0028248587570621764,0.035310734463276816,0.031073446327683607,0.17818644121451555,0.18914194601198564
2020-09-25,0.713,0.706,0.715,0.702,132511,18714165.0,1.84,-0.28,-0.002,1.14,-0.07953063885267286,0.015938769200784894,154579.4,-0.40099999999999997,2.2329999999999997,1.3359999999999999,0.7186,0.7235,-0.007082152974504208,0.06940509915014181,0.029745042492917984,0.5984821057371952,0.3819220436880042
2020-09-28,0.705,0.701,0.709,0.7,144392,20288141.0,1.27,-0.71,-0.005,1.25,-0.08366013071895428,0.015949399879973146,152062.15,-0.42350000000000004,2.212,1.3145,0.7125999999999999,0.7205999999999999,0.012838801711840153,0.07560627674750364,0.049928673323823114,0.4945017092240398,0.531139521085221
2020-09-29,0.702,0.71,0.714,0.702,90728,12881200.0,1.71,1.28,0.009,0.78,-0.07672301690507155,0.01627456954692689,147946.95,-0.38549999999999995,2.2125,1.279,0.7103999999999999,0.7186999999999999,-0.005633802816901401,0.04225352112676051,0.015492957746478853,0.597712903787861,0.5035235882812843
2020-09-30,0.711,0.706,0.714,0.703,218011,30914406.0,1.55,-0.56,-0.004,1.88,-0.0890322580645162,0.016043648166831077,151200.9,-0.45249999999999996,2.2055,1.307,0.7061999999999999,0.7172,0.0382436260623229,0.03966005665722383,0.018413597733710985,0.7826680531360992,0.5288718414793798
2020-10-09,0.72,0.733,0.733,0.717,113365,16490704.0,2.27,3.82,0.027,0.98,-0.0418300653594772,0.018523205556535905,145310.85,-0.197,2.19,1.2559999999999998,0.7111999999999999,0.7179,0.0300136425648021,-0.004092769440654842,-0.03547066848567537,-0.04335156713887012,-0.14778766921738484
2020-10-12,0.737,0.755,0.755,0.736,125053,18673946.0,2.59,3.0,0.022,1.08,-0.01692708333333337,0.019832625043371806,144050.65,-0.0665,2.202,1.245,0.7209999999999999,0.7198,-0.0013245033112583293,-0.03708609271523178,-0.05562913907284772,-0.6752019469528018,-0.4503972170440693
2020-10-13,0.755,0.754,0.755,0.745,195797,29373403.0,1.32,-0.13,-0.001,1.69,0.005333333333333412,0.019099168694212944,144303.1,0.04400000000000001,2.092,1.2469999999999999,0.7316,0.7221,-0.018567639257294433,-0.023872679045092826,-0.05305039787798416,-0.4173176763075337,-0.43644141585995166
2020-10-14,0.751,0.74,0.751,0.737,203872,30181766.0,1.86,-1.86,-0.014,1.76,-0.015957446808510634,0.019553629059865147,144437.3,-0.0625,2.085,1.248,0.7376,0.724,-0.008108108108108136,-0.025675675675675746,-0.031081081081081097,-0.5192811124180183,-0.48573753225452976
2020-10-15,0.741,0.734,0.742,0.733,110782,16341721.0,1.22,-0.81,-0.006,0.96,0.012413793103448256,0.01782538213654304,140966.2,0.0765,2.0065,1.218,0.7432000000000001,0.7247,-0.00544959128065392,-0.02043596730245234,-0.027247956403269824,-0.5305798515748928,-0.49677281195097234
2020-10-16,0.732,0.73,0.736,0.724,205244,29909274.0,1.63,-0.54,-0.004,1.77,0.038406827880512084,0.016346307366491213,143383.6,0.20099999999999998,1.8675000000000002,1.2385,0.7426,0.7269,-0.004109589041095929,-0.03150684931506853,-0.042465753424657526,-0.2917533597211295,-0.3523957808470015
2020-10-19,0.736,0.727,0.739,0.725,187275,27399795.0,1.92,-0.41,-0.003,1.62,0.011126564673157091,0.01564028900258293,134434.7,0.06650000000000002,1.8,1.1615,0.737,0.729,0.012379642365887289,-0.019257221458046758,-0.03438789546079779,1.1995317936433736,-0.33724206930306067
2020-10-20,0.727,0.736,0.736,0.722,240331,35021911.0,1.93,1.24,0.009,2.08,0.008219178082191858,0.015509636422238193,141442.55,0.05200000000000001,1.8060000000000003,1.222,0.7334,0.7325,-0.02038043478260876,-0.029891304347826164,-0.02717391304347827,0.09572410198373404,-0.2603853607322799
2020-10-21,0.736,0.721,0.736,0.716,352665,50832024.0,2.72,-2.04,-0.015,3.05,-0.010973936899862813,0.01619895567861135,152986.55,-0.043,1.8664999999999998,1.322,0.7295999999999999,0.7336,-0.00277392510402219,-0.00554785020804438,-0.01109570041608876,-0.17684283034608317,-0.39080548490975364
2020-10-22,0.719,0.719,0.723,0.712,456336,65484288.0,1.53,-0.28,-0.002,3.94,-0.00277392510402219,0.016020773913285113,169134.45,-0.0019999999999999905,1.8400000000000003,1.4614999999999998,0.7266,0.7348999999999999,-0.016689847009735748,-0.006954102920723182,0.012517385257301727,-0.16294800102120355,-0.2911578786794483
2020-10-23,0.721,0.707,0.726,0.705,314578,45006155.0,2.92,-1.67,-0.012,2.72,-0.026170798898071612,0.016348748489212913,180309.5,-0.11999999999999997,1.8539999999999999,1.558,0.722,0.7323000000000001,0.008486562942008558,-0.011315417256011373,0.02970297029702973,-0.11564000641224714,-0.2005797371208785
2020-10-26,0.702,0.713,0.717,0.7,229386,32495547.0,2.4,0.85,0.006,1.98,-0.03125,0.016135230793979705,186061.5,-0.1465,1.8705000000000003,1.6075,0.7192000000000001,0.7281,0.0014025245441795509,-0.015427769985974726,0.05469845722300137,-0.27437674549757296,0.4184649592184233
2020-10-27,0.709,0.714,0.715,0.706,179292,25464153.0,1.26,0.14,0.001,1.55,-0.023255813953488413,0.016096768745254276,188033.4,-0.10549999999999997,1.8519999999999999,1.6245,0.7148,0.7241,0.004201680672268893,0.0028011204481792618,0.03921568627450989,0.22224332018642246,0.4974167721175735
2020-10-28,0.711,0.717,0.719,0.703,229398,32634762.0,2.24,0.42,0.003,1.98,-0.00554785020804438,0.01585331040412116,195321.55,-0.015999999999999966,1.875,1.6875,0.7139999999999999,0.7217999999999999,-0.004184100418409997,-0.00557880055788007,0.001394700139470073,0.5441409880352566,0.945772354568291
2020-10-29,0.706,0.714,0.715,0.703,163159,23204529.0,1.67,-0.42,-0.003,1.41,-0.017881705639614887,0.01574745735404207,199802.75,-0.07849999999999996,1.8889999999999998,1.7260000000000002,0.7129999999999999,0.7198,-0.021008403361344574,0.019607843137254832,0.011204481792717047,0.807845649647283,0.9713696385840649
2020-10-30,0.715,0.699,0.719,0.697,222809,31519429.0,3.08,-2.1,-0.015,1.92,-0.012711864406779627,0.015349822395934255,205749.2,-0.05299999999999997,1.9465,1.777,0.7114,0.7167,0.0042918454935623185,0.0414878397711016,0.031473533619456484,0.012172161653301039,0.5843347864250066
2020-11-02,0.699,0.702,0.705,0.691,148164,20663654.0,2.0,0.43,0.003,1.28,-0.005665722379603388,0.015376253625594978,206531.85,-0.017499999999999967,1.9545000000000001,1.784,0.7091999999999999,0.7142,0.019943019943019946,0.07122507122507127,0.02136752136752129,0.4691162304276444,0.5601598320118075
2020-11-03,0.702,0.716,0.717,0.701,152178,21659780.0,2.28,1.99,0.014,1.31,0.021398002853067144,0.015915132433085163,206921.15,0.11750000000000002,2.005,1.7870000000000001,0.7095999999999999,0.7121999999999999,-0.0041899441340782495,0.036312849162011274,-0.006983240223463638,0.2791332290163344,0.3477519989260933
2020-11-04,0.715,0.713,0.717,0.709,134693,19221704.0,1.12,-0.42,-0.003,1.16,0.004225352112676051,0.01571271426374778,209119.4,0.03250000000000003,1.9755000000000003,1.8059999999999998,0.7087999999999999,0.7113999999999999,0.02103786816269282,0.007012622720897532,-0.005610098176718092,0.7568240109754623,0.5154757020802654
2020-11-05,0.719,0.728,0.728,0.715,203856,29494800.0,1.82,2.1,0.015,1.76,0.031161473087818692,0.01630100304540838,208411.65,0.16550000000000004,1.989,1.8,0.7116,0.7123,0.0,-0.008241758241758212,-0.019230769230769273,0.3726477475695471,0.20934615019940384
2020-11-06,0.73,0.728,0.732,0.72,210953,30572901.0,1.65,0.0,0.0,1.82,-0.006821282401091366,0.013841302141124393,213291.05,-0.025499999999999946,1.9580000000000002,1.842,0.7173999999999999,0.7144,0.03296703296703307,-0.009615384615384581,-0.020604395604395642,1.0789404009761223,0.35785164754192555
2020-11-09,0.732,0.752,0.76,0.732,398558,59750738.0,3.85,3.3,0.024,3.44,-0.003973509933774877,0.014192486892254493,226966.3,-0.010499999999999954,2.021,1.9600000000000002,0.7273999999999999,0.7182999999999999,-0.013297872340425565,-0.046542553191489366,-0.05585106382978733,-0.06742451223180157,-0.27994261268737486
2020-11-10,0.753,0.742,0.753,0.737,331738,49246327.0,2.13,-1.33,-0.01,2.87,-0.01591511936339529,0.014495974865820854,233763.35,-0.07049999999999997,2.0614999999999997,2.0189999999999997,0.7326,0.7211,-0.03234501347708896,-0.0417789757412399,-0.043126684636118684,-0.2471344286008198,-0.34071908730432077
2020-11-11,0.738,0.718,0.74,0.717,274712,39816868.0,3.1,-3.23,-0.024,2.37,-0.02972972972972976,0.015669494517793623,237305.35,-0.13899999999999996,2.1235,2.0495,0.7336,0.7212,0.0055710306406684396,-0.012534818941504211,-0.01949860724233987,-0.7993903964835537,-0.741092584431096
2020-11-12,0.721,0.722,0.729,0.718,337719,48776174.0,1.53,0.56,0.004,2.92,-0.016348773841961872,0.015659420566678486,248652.2,-0.07049999999999994,2.1390000000000002,2.1475,0.7323999999999999,0.722,-0.0013850415512465242,-0.011080332409972304,-0.03462603878116344,-0.7585360825365987,-0.7501310926193038
2020-11-13,0.719,0.721,0.723,0.712,246571,35424412.0,1.52,-0.14,-0.001,2.13,-0.012328767123287676,0.01562096464277847,250718.55,-0.05049999999999995,2.1335,2.1655,0.731,0.7242,-0.00554785020804438,-0.01109570041608876,-0.0277392510402219,-0.758434245449539,-0.6878718821655116
2020-11-16,0.719,0.717,0.721,0.711,147038,21011044.0,1.39,-0.55,-0.004,1.27,-0.01375515818431916,0.01564173312454351,248706.7,-0.057499999999999954,2.107,2.148,0.724,0.7257,-0.008368200836820106,-0.009762900976290068,-0.018131101813110173,-0.6101973840688705,-0.6748995098089379
2020-11-17,0.715,0.711,0.715,0.698,330353,46482369.0,2.37,-0.84,-0.006,2.85,-0.033967391304347894,0.015423761609664315,253207.8,-0.16149999999999992,2.129,2.1864999999999997,0.7178,0.7252,-0.002812939521800284,-0.0014064697609000865,0.005625879043600568,-0.6947870841176492,-0.5687233813371746
2020-11-18,0.71,0.709,0.714,0.705,171091,24269324.0,1.27,-0.28,-0.002,1.48,-0.01664355062413314,0.014785776155069921,244129.1,-0.07349999999999993,2.0564999999999998,2.108,0.716,0.7247999999999999,0.007052186177715081,-0.007052186177715081,0.014104372355430161,0.09023692963849728,-0.5655395902588577
2020-11-19,0.702,0.714,0.716,0.7,200794,28578469.0,2.26,0.71,0.005,1.73,-0.006954102920723182,0.014877431386855492,231352.0,-0.02399999999999993,2.093,1.9974999999999998,0.7143999999999999,0.7234,-0.0014005602240896309,-0.023809523809523836,0.004201680672268893,-0.25846023696785925,-0.5399544044342643
2020-11-20,0.715,0.713,0.718,0.71,136572,19446002.0,1.12,-0.14,-0.001,1.18,0.008486562942008558,0.01437211851684131,222451.7,0.05250000000000006,2.003,1.9204999999999999,0.7128,0.7219,-0.0042075736325385416,-0.016830294530154277,0.009817671809256634,0.098815242387154,-0.5363728095389225
2020-11-23,0.714,0.71,0.714,0.704,141802,20071592.0,1.4,-0.42,-0.003,1.22,-0.0042075736325385416,0.01428182935539189,218072.5,-0.010999999999999935,1.9529999999999998,1.8825000000000003,0.7114,0.7177,0.0,-0.008450704225352101,0.009859154929577452,0.2713614566437763,-0.31004968662690946
2020-11-24,0.71,0.71,0.715,0.707,131143,18668882.0,1.13,0.0,0.0,1.13,-0.0056022408963585235,0.014277433605653407,215665.05,-0.017999999999999936,1.9465,1.8615,0.7112,0.7144999999999999,-0.008450704225352101,0.007042253521126751,0.008450704225352101,1.4322945338378967,-0.29308534637189887
2020-11-25,0.711,0.704,0.714,0.703,173965,24598049.0,1.55,-0.85,-0.006,1.5,-0.018131101813110173,0.01435298166483606,212893.4,-0.08149999999999993,1.9119999999999997,1.8375,0.7101999999999999,0.7131000000000001,-0.009943181818181879,0.02130681818181812,-0.0014204545454545858,0.598845401391507,0.809337220294895
2020-11-26,0.703,0.697,0.705,0.695,235985,32965601.0,1.42,-0.99,-0.007,2.04,-0.023809523809523836,0.014481290655077432,216534.7,-0.10999999999999995,1.8995000000000002,1.8689999999999998,0.7068,0.7106,0.0057388809182210565,0.02869440459110484,0.007173601147776099,0.5192256637768715,0.7512253622663094
2020-11-27,0.697,0.701,0.702,0.692,373460,52000615.0,1.43,0.57,0.004,3.23,0.0028612303290413976,0.01376371075422895,224067.25,0.023500000000000066,1.8169999999999997,1.9345000000000003,0.7043999999999999,0.7085999999999999,0.004279600570613384,0.02710413694721825,-0.01854493580599148,0.03064600854421151,0.8470674975637631
2020-11-30,0.702,0.704,0.711,0.696,214876,30260785.0,2.14,0.43,0.003,1.86,0.002849002849002913,0.013763520958149455,227402.85,0.023500000000000066,1.8239999999999998,1.9635000000000002,0.7031999999999999,0.7072999999999999,0.015625,0.01846590909090917,-0.017045454545454586,0.09747274504617143,0.7722084905879634
2020-12-01,0.702,0.715,0.716,0.701,222904,31703023.0,2.13,1.56,0.011,1.93,-0.0013966480446927498,0.013468762826693433,230939.15,0.0020000000000000686,1.8165000000000002,1.9945,0.7041999999999999,0.7076999999999999,0.005594405594405494,0.0013986013986013734,-0.032167832167832144,-0.592894971882826,0.16710276015810832
2020-12-02,0.719,0.719,0.722,0.713,255171,36587192.0,1.26,0.56,0.004,2.2,0.008415147265077083,0.013485632078592073,236963.05,0.051000000000000066,1.8235,2.0465,0.7072,0.7087,-0.0027816411682892728,-0.022253129346314293,-0.048678720445062496,-0.09442047903485185,0.12997566064471466
2020-12-03,0.721,0.717,0.724,0.715,268126,38592831.0,1.25,-0.28,-0.002,2.32,-0.015109890109890167,0.012599571622378677,240176.55,-0.06799999999999994,1.795,2.0744999999999996,0.7112,0.7089999999999999,0.004184100418409997,-0.02092050209205021,-0.041841004184100306,0.2756421344405997,0.21748076713675957
2020-12-04,0.718,0.72,0.721,0.712,230115,32942015.0,1.26,0.42,0.003,1.99,-0.01098901098901095,0.012646205341534506,241134.65,-0.046999999999999945,1.7754999999999999,2.0829999999999997,0.715,0.7097,-0.004166666666666652,-0.04444444444444451,-0.054166666666666585,0.401353025829708,0.15532510843883385
2020-12-07,0.721,0.717,0.725,0.717,218891,31521552.0,1.11,-0.42,-0.003,1.89,-0.046542553191489366,0.009906966420204963,232151.3,-0.23299999999999993,1.6384999999999998,2.0055,0.7176,0.7104,-0.001394700139469962,-0.034867503486750384,-0.03347280334728031,0.44064958916878694,0.5013516043438591
2020-12-08,0.717,0.716,0.721,0.716,156431,22453053.0,0.7,-0.14,-0.001,1.35,-0.03504043126684642,0.009565238118446706,223385.95,-0.17349999999999993,1.567,1.9295000000000002,0.7178,0.7110000000000001,-0.018156424581005637,-0.033519553072625774,-0.05726256983240219,1.665492665019407,0.7533019747174392
2020-12-09,0.717,0.703,0.718,0.702,186426,26516227.0,2.23,-1.82,-0.013,1.61,-0.02089136490250698,0.007473073803801735,218971.65,-0.10299999999999991,1.5235,1.8915,0.7145999999999999,0.7108999999999999,-0.0014224751066855834,-0.027027027027026862,-0.02560455192034128,0.23697432746482172,0.5023442533917055
2020-12-10,0.702,0.702,0.706,0.697,157258,22054696.0,1.28,-0.14,-0.001,1.36,-0.027700831024930817,0.007309854808279865,209948.6,-0.13799999999999993,1.511,1.8135000000000001,0.7116,0.7113999999999999,-0.019943019943019946,-0.02136752136752118,-0.03418803418803407,0.32622077054812393,0.6312783730306233
2020-12-11,0.702,0.688,0.702,0.683,192941,26602064.0,2.71,-1.99,-0.014,1.67,-0.04576976421636625,0.008406383948787373,207267.1,-0.23049999999999987,1.5705,1.7905000000000002,0.7051999999999999,0.7101,0.005813953488372103,-0.010174418604650959,-0.017441860465116088,-0.15804973139354916,0.22495223533731878
2020-12-14,0.687,0.692,0.692,0.684,280268,38591763.0,1.16,0.58,0.004,2.42,-0.034867503486750384,0.008558314080725488,213928.6,-0.1739999999999999,1.559,1.8479999999999996,0.7001999999999999,0.7089,0.0,0.0014450867052022698,-0.03612716763005763,0.019445673622841886,0.22932714360539186
2020-12-15,0.688,0.692,0.695,0.687,150286,20775980.0,1.16,0.0,0.0,1.3,-0.026722925457102642,0.008420556822735646,204925.25,-0.1319999999999999,1.4985,1.7705000000000002,0.6954,0.7066,-0.01156069364161838,-0.02456647398843914,-0.01878612716762995,0.4303988330819264,0.656135102112072
2020-12-16,0.693,0.684,0.693,0.683,111639,15321408.0,1.45,-1.16,-0.008,0.96,-0.03526093088857529,0.008723934870604966,201952.65,-0.1759999999999999,1.5074999999999998,1.7445,0.6916,0.7031,0.004385964912280604,0.0014619883040936088,0.0,0.7584367028518799,0.6803607993116922
2020-12-17,0.683,0.687,0.687,0.673,172392,23519318.0,2.05,0.44,0.003,1.49,-0.037815126050420034,0.008601752277103789,200532.55,-0.18949999999999995,1.497,1.7325000000000004,0.6886,0.7001000000000001,-0.008733624454148492,-0.013100436681222738,0.01455604075691408,0.6562455014369355,0.7182448709744838
2020-12-18,0.691,0.681,0.692,0.68,187756,25660750.0,1.75,-0.87,-0.006,1.62,-0.04488078541374463,0.008735033665557088,203091.75,-0.2259999999999999,1.5285,1.7545000000000002,0.6872,0.6962,0.017621145374449254,-0.007342143906020615,0.038179148311306754,1.322730831790854,0.7995791593711121
2020-12-21,0.68,0.693,0.693,0.678,161360,22239365.0,2.2,1.76,0.012,1.39,-0.023943661971830954,0.00977974304472039,204069.65,-0.11699999999999991,1.5685,1.7630000000000003,0.6874,0.6938,-0.02597402597402587,-0.037518037518037395,0.046176046176046315,0.2929067696677994,0.46501507702349243
2020-12-22,0.691,0.675,0.691,0.674,127213,17366428.0,2.45,-2.6,-0.018,1.1,-0.04929577464788726,0.011233399370384051,203873.15,-0.2469999999999999,1.6344999999999998,1.7615000000000003,0.6839999999999999,0.6897,0.014814814814814836,0.00592592592592589,0.05629629629629629,-0.13234797915330054,0.12132893424369828
2020-12-23,0.676,0.685,0.687,0.672,168746,22995750.0,2.22,1.48,0.01,1.46,-0.026988636363636243,0.011772532965023046,203612.2,-0.13049999999999992,1.668,1.7594999999999998,0.6842,0.6879000000000001,-0.010218978102189746,-0.0014598540145985828,0.02481751824817513,-0.28294793212689673,0.1360687021004039
2020-12-24,0.688,0.678,0.689,0.676,129350,17628049.0,1.9,-1.02,-0.007,1.12,-0.027259684361549352,0.011783345469170464,198280.45,-0.13199999999999992,1.6920000000000002,1.7135000000000002,0.6824000000000001,0.6855,-0.002949852507374673,0.02802359882005878,0.05162241887905594,-0.2473034682183911,0.10616148175640139
2020-12-25,0.676,0.676,0.681,0.672,141358,19147764.0,1.33,-0.29,-0.002,1.22,-0.03566333808844491,0.01166921965690725,186675.35,-0.1749999999999999,1.687,1.6130000000000002,0.6814,0.6843,-0.013313609467455634,0.04585798816568043,0.062130177514792884,-0.26340970712926615,0.1899148766462817
2020-12-28,0.677,0.667,0.677,0.665,131843,17633763.0,1.78,-1.33,-0.009,1.14,-0.05255681818181812,0.011852509598671342,182523.7,-0.2629999999999999,1.669,1.577,0.6762,0.6818000000000001,0.01799100449775115,0.08695652173913038,0.09295352323838069,-0.5576500454846518,0.06850795807746857
2020-12-29,0.665,0.679,0.685,0.665,240120,32520057.0,3.0,1.8,0.012,2.07,-0.05034965034965022,0.012054378967544252,183384.5,-0.25099999999999995,1.7125,1.584,0.6770000000000002,0.6805000000000001,0.007363770250368162,0.050073637702503504,0.07216494845360821,0.12827812940743377,-0.05210153005334983
2020-12-30,0.675,0.684,0.685,0.672,173199,23549149.0,1.91,0.74,0.005,1.5,-0.048678720445062496,0.012123288238101892,179285.9,-0.2419999999999999,1.7450000000000003,1.549,0.6768,0.6805000000000001,0.01900584795321625,0.02631578947368407,0.0657894736842104,0.5394823964848741,-0.0331390248644694
2020-12-31,0.687,0.697,0.698,0.685,184314,25555661.0,1.9,1.9,0.013,1.59,-0.02789400278940035,0.013033961541084231,175095.3,-0.13299999999999992,1.7775000000000003,1.5125,0.6806,0.6815,0.01434720229555242,0.022955523672883782,0.03299856527977041,0.39880736438856346,-0.07891427759970882
2021-01-04,0.698,0.707,0.71,0.696,236985,33314055.0,2.01,1.43,0.01,2.05,-0.018055555555555602,0.013451781711375186,175438.8,-0.08249999999999993,1.815,1.5155,0.6868000000000001,0.6841,0.02545968882602545,0.01555869872701554,0.052333804809052475,0.40545112650388204,0.08204764809930709
2021-01-05,0.707,0.725,0.726,0.702,419591,60134710.0,3.39,2.55,0.018,3.62,0.01115760111576014,0.01464287456949736,185473.8,0.06600000000000006,1.9289999999999998,1.6019999999999999,0.6984,0.6873,-0.016551724137931045,0.0055172413793103114,0.0055172413793103114,1.4217561100667355,0.028728287020960863
2021-01-06,0.725,0.713,0.726,0.709,209004,29909750.0,2.34,-1.66,-0.012,1.81,-0.0041899441340782495,0.015138482857700145,188102.45,-0.00999999999999993,2.011,1.625,0.7051999999999999,0.6911,-0.015427769985974726,0.02103786816269282,0.030855539971949453,-0.19595519569395237,0.08033210269593094
2021-01-07,0.712,0.702,0.712,0.695,277938,39000335.0,2.38,-1.54,-0.011,2.4,-0.0014224751066855834,0.014978649941948577,192678.05,0.004000000000000059,2.0185,1.6644999999999999,0.7088,0.6928,0.015669515669515688,0.03846153846153855,0.05840455840455849,-0.6071631218326508,-0.06106390794957561
2021-01-08,0.707,0.713,0.717,0.702,152374,21644387.0,2.14,1.57,0.011,1.32,0.015669515669515688,0.015373478776500318,192433.85,0.08950000000000007,2.0614999999999997,1.6625,0.712,0.6963,0.007012622720897532,0.009817671809256634,0.028050490883590573,-0.47097452565855225,-0.0062865973161823074
2021-01-11,0.725,0.718,0.729,0.711,570745,82192259.0,2.52,0.7,0.005,4.93,0.043604651162790775,0.01461375640895968,211324.05,0.22400000000000003,2.052,1.8255,0.7142,0.7005,0.01532033426183843,0.03621169916434552,0.011142061281337101,-0.06039602179408854,0.03440096242705826
2021-01-12,0.72,0.729,0.729,0.712,452710,65268671.0,2.37,1.53,0.011,3.91,0.053468208092485536,0.014888217925538355,219946.15,0.2715000000000001,2.1125,1.9,0.715,0.7067,-0.00137174211248281,0.0,-0.024691358024691357,0.2721550667321089,0.17233712616809238
2021-01-13,0.729,0.728,0.735,0.722,424795,61844986.0,1.78,-0.14,-0.001,3.67,0.052023121387283267,0.014904525127624661,233671.6,0.26450000000000007,2.1435000000000004,2.0185,0.718,0.7116,0.0013736263736263687,0.009615384615384581,-0.015109890109890167,0.5901211690605281,0.20027067923036013
2021-01-14,0.729,0.729,0.741,0.718,278561,40798606.0,3.16,0.14,0.001,2.41,0.0657894736842104,0.014531663103862835,242017.7,0.32950000000000007,2.229,2.091,0.7234,0.7161,-0.012345679012345734,0.019204389574760006,-0.04938271604938271,1.6966256540115832,0.38101103583127593
2021-01-15,0.73,0.72,0.732,0.712,286839,41372700.0,2.74,-1.23,-0.009,2.48,0.04803493449781637,0.014941168579181199,247740.05,0.24600000000000005,2.2635,2.1405,0.7247999999999999,0.7184,0.03333333333333344,0.01805555555555549,-0.04999999999999993,1.0779670268632175,0.34704309126960275
2021-01-18,0.72,0.744,0.745,0.717,597972,88278626.0,3.89,3.33,0.024,5.17,0.09251101321585886,0.01619188852202985,268250.85,0.45600000000000007,2.3705000000000003,2.318,0.7299999999999999,0.7221,-0.020161290322580627,-0.024193548387096753,-0.071236559139785,-0.22212512796799022,-0.087814743378409
2021-01-19,0.744,0.729,0.744,0.727,304975,44834972.0,2.28,-2.02,-0.015,2.63,0.051948051948051965,0.016780922681033837,275431.6,0.26700000000000007,2.3745000000000003,2.38,0.73,0.7224999999999999,0.008230452674897082,-0.024691358024691357,-0.04252400548696844,-0.3239854688421424,-0.08386568698345453
2021-01-20,0.727,0.735,0.737,0.724,246635,36047475.0,1.78,0.82,0.006,2.13,0.0888888888888888,0.015393791316933348,281402.7,0.43800000000000006,2.341,2.4314999999999998,0.7314,0.7247,0.010884353741496655,-0.02448979591836742,-0.08163265306122436,-0.3303465974978492,0.07343931067657272
2021-01-21,0.739,0.743,0.747,0.733,259858,38517090.0,1.9,1.09,0.008,2.24,0.08467153284671514,0.01527820773041845,285958.3,0.41850000000000004,2.325,2.4705000000000004,0.7342,0.7287999999999999,-0.013458950201884257,-0.06729475100942128,-0.10497981157469716,-0.2699892663352603,0.07698935234979531
2021-01-22,0.743,0.733,0.744,0.724,278988,40805869.0,2.69,-1.35,-0.01,2.41,0.08112094395280223,0.01545510080848576,293440.2,0.40199999999999997,2.3645,2.535,0.7368,0.7308,-0.009549795361528002,-0.06684856753069568,-0.11186903137789894,-0.27737609710798683,0.05018506757181784
2021-01-25,0.725,0.726,0.737,0.718,288444,41976932.0,2.59,-0.95,-0.007,2.49,0.07396449704141994,0.015680582306322386,300794.5,0.36900000000000005,2.4275,2.5985,0.7332000000000001,0.7316,-0.02066115702479343,-0.04820936639118467,-0.09641873278236912,0.3778278038398055,0.09358732327193242
2021-01-26,0.721,0.711,0.729,0.71,201036,28835859.0,2.62,-2.07,-0.015,1.74,0.06596701649175407,0.01617811644423812,304254.15,0.3320000000000001,2.4695,2.6285,0.7296,0.7297999999999999,0.00843881856540074,-0.01828410689170179,-0.052039381153305087,0.4028977370813338,0.2425440942057584
2021-01-27,0.713,0.717,0.72,0.705,213086,30381781.0,2.11,0.84,0.006,1.84,0.055964653902798034,0.015860178690940772,302902.45,0.2840000000000001,2.425,2.617,0.726,0.7287,-0.03347280334728031,-0.05857740585774052,-0.0460251046025103,0.5642330992903326,0.24969173538664124
2021-01-28,0.706,0.693,0.715,0.692,173160,24287832.0,3.21,-3.35,-0.024,1.5,0.013157894736842035,0.017762451755427903,302900.5,0.07950000000000006,2.4899999999999998,2.617,0.716,0.7251,-0.01298701298701288,-0.04040404040404033,-0.005772005772005762,0.19630011471759734,-0.043861025938063514
2021-01-29,0.696,0.684,0.702,0.676,258182,35482415.0,3.75,-1.3,-0.009,2.23,-0.01865136298421799,0.017475216139034667,306593.9,-0.08049999999999993,2.5825,2.649,0.7061999999999999,0.7215,0.010233918128654818,-0.04824561403508776,0.01900584795321625,0.25259880306126536,-0.05626114162654983
2021-02-01,0.688,0.691,0.693,0.684,215485,29654686.0,1.32,1.02,0.007,1.86,-0.022630834512022635,0.017311051836993382,305518.9,-0.10099999999999994,2.548,2.6395,0.6991999999999999,0.7162,0.01013024602026058,-0.05065123010130235,-0.010130246020260358,-0.01157749508535022,0.23661174967349785
2021-02-02,0.69,0.698,0.699,0.687,142729,19817033.0,1.74,1.01,0.007,1.23,-0.03724137931034488,0.016392789703629663,291675.8,-0.17799999999999994,2.4655,2.52,0.6965999999999999,0.7131000000000001,-0.032951289398280625,-0.034383954154727614,-0.022922636103151706,0.24499430273896827,0.20055060226685972
2021-02-03,0.698,0.675,0.698,0.675,217591,29800677.0,3.3,-3.3,-0.023,1.88,-0.05329593267882182,0.01754113680745521,292105.15,-0.2599999999999999,2.5135,2.5235,0.6882,0.7071,-0.014814814814814836,0.01333333333333342,0.00592592592592589,-0.06296960083113456,-0.0989045389515224
2021-02-04,0.674,0.665,0.676,0.651,308411,40721526.0,3.7,-1.48,-0.01,2.66,-0.052706552706552556,0.017518042830214974,293628.8,-0.25699999999999995,2.5795000000000003,2.5365,0.6826000000000001,0.6993,-0.021052631578947434,0.03609022556390973,0.012030075187969835,-0.03326334634882455,-0.060972544645231164
2021-02-05,0.665,0.651,0.668,0.65,273322,36017216.0,2.71,-2.11,-0.014,2.36,-0.08695652173913038,0.01743134581467014,299676.2,-0.44099999999999995,2.6079999999999997,2.5885000000000002,0.6759999999999999,0.6910999999999999,0.007680491551459223,0.07066052227342534,0.021505376344086002,-0.5726326472982826,-0.15483097617764618
2021-02-08,0.652,0.656,0.664,0.649,164537,21615929.0,2.3,0.77,0.005,1.42,-0.08635097493036203,0.01745497036630244,279365.8,-0.4374999999999999,2.597,2.413,0.669,0.6840999999999999,0.027439024390243816,0.04268292682926833,0.044207317073170715,-0.0914645947619862,-0.06439165501583566
2021-02-09,0.659,0.674,0.675,0.656,121578,16241314.0,2.9,2.74,0.018,1.05,-0.07544581618655688,0.018360949710238862,262809.2,-0.37699999999999995,2.6235,2.27,0.6642,0.6804,0.014836795252225476,0.011869436201780381,0.016320474777448135,-0.4386936649494385,-0.30274159975775394
2021-02-10,0.674,0.684,0.685,0.671,117969,16055736.0,2.08,1.48,0.01,1.02,-0.060439560439560336,0.01882352446860836,247467.9,-0.29599999999999993,2.6384999999999996,2.1375,0.666,0.6771,0.0073099415204676,-0.007309941520467822,0.0073099415204676,-0.4213935041851107,-0.3511731503245893
2021-02-18,0.688,0.689,0.699,0.688,184572,25587185.0,1.61,0.73,0.005,1.59,-0.054869684499314175,0.01894161733301325,242768.45,-0.2664999999999999,2.561,2.0965,0.6708000000000001,0.6767000000000001,0.011611030478954953,-0.023222060957909907,-0.027576197387518042,-0.3836853227937679,-0.14277739233976605
2021-02-19,0.687,0.697,0.699,0.681,151582,20884350.0,2.61,1.16,0.008,1.31,-0.03194444444444444,0.019053164766024984,236005.6,-0.14699999999999994,2.5545,2.0380000000000003,0.68,0.678,-0.01865136298421799,-0.04591104734576745,-0.03012912482065988,-0.2346138875655508,-0.14562814982132555
2021-02-22,0.697,0.684,0.702,0.684,198559,27555086.0,2.58,-1.87,-0.013,1.72,-0.08064516129032251,0.017544562584381123,216034.95,-0.4069999999999999,2.489,1.8655000000000002,0.6856,0.6773,-0.0029239766081871066,0.0014619883040936088,-0.03801169590643283,0.0016754940765777437,-0.12777619269397045
2021-02-23,0.684,0.682,0.689,0.678,134450,18354031.0,1.61,-0.29,-0.002,1.16,-0.06447187928669396,0.017129846694170586,207508.7,-0.32049999999999995,2.4555,1.7919999999999998,0.6872,0.6757,-0.004398826979472137,0.004398826979472137,-0.06891495601173026,0.24439297535125215,0.028291991883347523
2021-02-24,0.682,0.679,0.692,0.672,169154,23082026.0,2.93,-0.44,-0.003,1.46,-0.07619047619047614,0.016918303564776117,203634.65,-0.3834999999999999,2.513,1.7585000000000002,0.6862,0.6761,-0.008836524300441795,0.014727540500736325,-0.07069219440353469,0.4165726760911661,0.23914083471162972
2021-02-25,0.681,0.673,0.684,0.671,110729,14951375.0,1.91,-0.88,-0.006,0.96,-0.09421265141318969,0.016587781782339835,196178.2,-0.48199999999999993,2.5134999999999996,1.6945000000000001,0.683,0.6769000000000001,-0.011887072808320909,-0.004457652303120341,-0.04606240713224374,0.9546518340816308,0.3786314468014018
2021-02-26,0.669,0.665,0.672,0.661,119674,15923483.0,1.63,-1.19,-0.008,1.03,-0.09276944065484305,0.016548292368724852,188212.5,-0.4739999999999999,2.4605,1.6255,0.6766,0.6783,0.03007518796992481,0.016541353383458635,-0.048120300751879785,2.288243561252857,0.5100839723299095
2021-03-01,0.667,0.685,0.685,0.667,119833,16257712.0,2.71,3.01,0.02,1.04,-0.05647382920110178,0.01822717583560741,179781.95,-0.27599999999999997,2.4665,1.553,0.6768000000000001,0.6812000000000001,0.0,-0.039416058394160625,-0.10072992700729932,0.05172993538520387,0.10069976878996423
2021-03-02,0.689,0.685,0.689,0.677,112610,15402861.0,1.75,0.0,0.0,0.97,-0.03656821378340358,0.01773716565051523,175360.65,-0.17249999999999996,2.423,1.5145,0.6774,0.6823,0.005839416058394109,-0.07299270072992703,-0.09635036496350369,0.22189519446434303,0.28577381490548937
2021-03-03,0.682,0.689,0.689,0.679,82459,11281760.0,1.46,0.58,0.004,0.71,-0.03905160390516038,0.01766826735911026,168829.3,-0.18549999999999994,2.3905000000000003,1.458,0.6794,0.6828000000000001,-0.027576197387518042,-0.08417997097242369,-0.09288824383163996,0.08737355381732992,0.3744819695450545
2021-03-04,0.686,0.67,0.686,0.668,107340,14491899.0,2.61,-2.76,-0.019,0.93,-0.0331890331890331,0.017154371573260094,165538.3,-0.15599999999999994,2.3605,1.4295,0.6788000000000001,0.6809000000000001,0.008955223880596996,-0.04179104477611939,-0.0671641791044777,0.04585495352238045,0.11488747365363894
2021-03-05,0.663,0.676,0.68,0.662,101014,13585546.0,2.69,0.9,0.006,0.87,-0.011695906432748537,0.017085682959711572,157679.9,-0.04599999999999994,2.3075,1.3615,0.681,0.6788000000000001,-0.026627218934911268,-0.06360946745562135,-0.08875739644970426,-0.023457010220380048,0.08354021976241155
2021-03-08,0.681,0.658,0.685,0.657,155901,20853550.0,4.14,-2.66,-0.018,1.35,-0.04775687409551366,0.017843947340563052,154700.7,-0.22999999999999993,2.4485,1.3359999999999999,0.6756,0.6762,-0.0349544072948329,-0.06382978723404265,-0.050151975683890626,0.13706262745238473,0.033459334196654034
2021-03-09,0.656,0.635,0.658,0.63,237170,30503122.0,4.26,-3.5,-0.023,2.05,-0.09025787965616039,0.019002216626038352,159422.75,-0.45549999999999996,2.5744999999999996,1.377,0.6656000000000001,0.6715000000000001,-0.006299212598425252,-0.025196850393700787,-0.018897637795275646,-0.17336832642803024,-0.28406190731609027
2021-03-10,0.644,0.631,0.648,0.63,158503,20160352.0,2.83,-0.63,-0.004,1.37,-0.06518518518518523,0.017802005131781852,156468.35,-0.32199999999999995,2.5509999999999997,1.3515000000000001,0.654,0.6667,0.017432646592709933,-0.009508716323296418,-0.02694136291600635,0.0034000561394376128,-0.2571110946573164
2021-03-11,0.631,0.642,0.644,0.625,96810,12297049.0,3.01,1.74,0.011,0.84,-0.03458646616541361,0.01815287541749474,145888.3,-0.16099999999999998,2.5164999999999997,1.2605,0.6484,0.6636,-0.014018691588785104,-0.026479750778816258,-0.03738317757009346,-0.33201221520957924,-0.3710812711822936
2021-03-12,0.642,0.633,0.645,0.628,73247,9278522.0,2.65,-1.4,-0.009,0.63,-0.027649769585253448,0.017821299361853855,135884.55,-0.12549999999999994,2.5135,1.174,0.6397999999999999,0.6604,-0.026856240126382325,-0.026856240126382325,-0.0015797788309637184,-0.25758343439019327,-0.2893094091391778
2021-03-15,0.628,0.616,0.631,0.612,128403,15900258.0,3.0,-2.69,-0.017,1.11,-0.060975609756097615,0.018568059320556246,134077.85,-0.29849999999999993,2.5484999999999998,1.1585,0.6314,0.6535,0.004870129870129913,0.014610389610389518,0.01948051948051943,-0.4517075782806095,-0.3365054130938314
2021-03-16,0.612,0.619,0.622,0.61,338016,41693555.0,1.95,0.49,0.003,2.92,-0.08160237388724045,0.01726218926712177,144899.75,-0.4109999999999999,2.5010000000000003,1.252,0.6282,0.6469,0.009693053311793154,0.00646203554119551,0.016155088852988664,-0.33341623316014357,-0.35202213445955377
2021-03-17,0.619,0.625,0.626,0.613,215465,26742532.0,2.1,0.97,0.006,1.86,-0.08625730994152059,0.017001474364163282,149774.55,-0.4365,2.502,1.294,0.627,0.6405000000000001,0.0,-0.01760000000000006,0.006399999999999961,-0.3386266120734166,-0.3831567753521441
2021-03-18,0.625,0.625,0.627,0.622,256235,31962230.0,0.8,0.0,0.0,2.21,-0.09288824383163996,0.016814892014850008,153357.7,-0.47300000000000003,2.4615,1.325,0.6236,0.636,-0.014399999999999968,-0.011199999999999988,0.02079999999999993,-0.1432943178969006,-0.3094535354793402
2021-03-19,0.624,0.616,0.624,0.612,144162,17775421.0,1.92,-1.44,-0.009,1.25,-0.11621233859397417,0.016487386490308314,152986.7,-0.603,2.4270000000000005,1.322,0.6202,0.63,0.014610389610389518,0.025974025974025983,0.0535714285714286,-0.02938792490978759,-0.3172145063020315
2021-03-22,0.616,0.625,0.625,0.613,111882,13892886.0,1.95,1.46,0.009,0.97,-0.08625730994152059,0.016821249916524336,148652.85,-0.43649999999999994,2.3954999999999997,1.2845,0.622,0.6266999999999999,-0.0031999999999999806,0.0047999999999999154,0.04160000000000008,0.2787956853111002,-0.35396332243221906
2021-03-23,0.625,0.623,0.631,0.62,91637,11441898.0,1.76,-0.32,-0.002,0.79,-0.0865102639296188,0.01682011848226873,146512.2,-0.4379999999999999,2.4029999999999996,1.2660000000000002,0.6228,0.6255,-0.014446227929374,0.009630818619582593,0.04173354735152501,0.23493161282206287,-0.1937230419761914
2021-03-24,0.62,0.614,0.622,0.613,104787,12900976.0,1.44,-1.44,-0.009,0.91,-0.09572901325478655,0.016970119505045615,143293.85,-0.4879999999999999,2.3285,1.2385000000000002,0.6205999999999999,0.6238,0.006514657980456029,0.02442996742671011,0.055374592833876246,-0.09055873407044934,-0.34273709488330695
2021-03-25,0.612,0.618,0.623,0.61,89540,11024230.0,2.12,0.65,0.004,0.77,-0.08172362555720658,0.017128239060609892,142234.4,-0.41150000000000003,2.339,1.229,0.6192,0.6214000000000001,0.02265372168284796,0.032362459546925626,0.046925566343042124,-0.08364074640063046,-0.259326570070498
2021-03-26,0.623,0.632,0.634,0.62,117949,14789818.0,2.27,2.27,0.014,1.02,-0.049624060150376015,0.018021293039602114,142148.15,-0.23849999999999988,2.371,1.2285,0.6224000000000001,0.6213,-0.006329113924050667,0.02689873417721511,0.0,-0.3139023542348862,-0.26273945057996617
2021-03-29,0.632,0.628,0.636,0.627,80294,10144300.0,1.42,-0.63,-0.004,0.69,-0.08321167883211689,0.016328984066143144,140171.2,-0.42049999999999993,2.3064999999999998,1.2109999999999999,0.623,0.6224999999999999,0.0015923566878981443,0.03662420382165599,0.009554140127388644,-0.4424093954392062,-0.09919683850382932
2021-03-30,0.628,0.629,0.631,0.626,67943,8539207.0,0.8,0.16,0.001,0.59,-0.0817518248175183,0.01635443814513717,137937.85,-0.4124999999999999,2.259,1.192,0.6242,0.6234999999999999,0.0,0.031796502384737746,0.022257551669316422,-0.36060790719118596,-0.031429030079846654
2021-03-31,0.63,0.629,0.63,0.624,73846,9258232.0,0.95,0.0,0.0,0.64,-0.08708272859216248,0.01621870216442644,137507.2,-0.4414999999999999,2.2335,1.1885,0.6272,0.6239,0.014308426073131875,0.030206677265500748,0.019077901430842648,-0.15354650119526814,0.005302614467332711
2021-04-01,0.63,0.638,0.639,0.629,78104,9917234.0,1.59,1.43,0.009,0.67,-0.047761194029850795,0.01576913340398427,136045.4,-0.23199999999999993,2.1825,1.1755,0.6312,0.6252,0.01724137931034475,0.014106583072100332,0.012539184952978122,-0.2872797656274104,-0.10331443546666208
2021-04-02,0.64,0.649,0.65,0.639,159024,20565984.0,1.72,1.72,0.011,1.37,-0.0399408284023669,0.01618448403765184,138945.9,-0.19099999999999992,2.134,1.2005,0.6346,0.6285000000000001,0.0030816640986133237,-0.026194144838212696,0.02157164869029282,0.027663371419654137,0.08964450366867105
2021-04-06,0.651,0.651,0.653,0.646,147790,19208560.0,1.08,0.31,0.002,1.28,-0.010638297872340385,0.015125267280488944,138540.35,-0.04249999999999993,1.9809999999999999,1.197,0.6392,0.6311,-0.003072196620583667,-0.02611367127496167,0.01382488479262678,0.2991960431842873,0.148277589957579
2021-04-07,0.651,0.649,0.651,0.643,119111,15400701.0,1.23,-0.31,-0.002,1.03,0.022047244094488105,0.012795192032308382,132637.4,0.11700000000000006,1.8295000000000001,1.1460000000000001,0.6432,0.6336999999999999,-0.0015408320493066618,-0.009244992295839749,0.016949152542372836,0.5144438460021652,0.14191376630051433
2021-04-08,0.65,0.648,0.653,0.645,95815,12452568.0,1.23,-0.15,-0.001,0.83,0.02694136291600646,0.012692849779247669,129503.0,0.14100000000000007,1.7495,1.119,0.647,0.6371,-0.0015432098765432167,-0.010802469135802517,0.026234567901234573,0.4677716401923091,0.35780000908914733
2021-04-09,0.647,0.647,0.651,0.644,82553,10691480.0,1.08,-0.15,-0.001,0.71,0.007788161993769416,0.01212854235493386,128790.15,0.04650000000000006,1.653,1.1125,0.6488,0.6399999999999999,-0.023183925811437467,-0.0015455950540957941,0.021638330757341562,0.7080739014326709,0.3491497161477479
2021-04-12,0.647,0.632,0.649,0.629,125048,15910914.0,3.09,-2.32,-0.015,1.08,-0.0015797788309637184,0.012855665476422081,131380.2,0.000500000000000056,1.675,1.1350000000000002,0.6454000000000001,0.64,0.0031645569620253333,0.049050632911392444,0.04113924050632911,0.09412746975621,-0.0768917063244462
2021-04-13,0.632,0.634,0.641,0.631,230834,29332344.0,1.58,0.32,0.002,1.99,0.02922077922077926,0.011201049884269287,136501.75,0.15100000000000008,1.6039999999999999,1.179,0.6420000000000001,0.6406,0.014195583596214423,0.04100946372239744,0.03312302839116721,0.24108460413537802,-0.026373447923285775
2021-04-14,0.642,0.643,0.643,0.634,173692,22207823.0,1.42,1.42,0.009,1.5,0.03877221324717284,0.011537729608295588,128285.55,0.19750000000000006,1.5775000000000001,1.108,0.6407999999999999,0.6420000000000001,-0.0031104199066873672,0.026438569206842955,0.02021772939346822,-0.06632729647702562,-0.15241090348391162
2021-04-15,0.64,0.641,0.641,0.634,120119,15314071.0,1.09,-0.31,-0.002,1.04,0.025600000000000067,0.011441285111494098,123518.25,0.1335000000000001,1.527,1.067,0.6394,0.6432,0.007800312012480548,0.03744149765990645,0.02808112324492984,-0.13349645373272923,-0.17277368782401514
2021-04-16,0.64,0.646,0.647,0.638,91897,11812159.0,1.4,0.78,0.005,0.79,0.033600000000000074,0.011526308989423922,115301.35,0.17250000000000007,1.557,0.9960000000000001,0.6392,0.644,0.026315789473684292,0.023219814241486114,0.007739938080495445,-0.07730743511929339,-0.051007320528320244
2021-04-19,0.646,0.663,0.664,0.646,133775,17625377.0,2.79,2.63,0.017,1.16,0.07629870129870131,0.012110730076752384,114782.0,0.37600000000000006,1.6004999999999998,0.9914999999999999,0.6454000000000001,0.6454000000000001,-0.004524886877828038,-0.007541478129713397,-0.02714932126696834,-0.5065392042001609,-0.5243726800040263
2021-04-20,0.661,0.66,0.667,0.659,214997,28505724.0,1.21,-0.45,-0.003,1.86,0.05600000000000005,0.011962759922390155,119937.75,0.2805000000000001,1.5635000000000001,1.036,0.6506000000000001,0.6463,0.0,-0.007575757575757569,-0.046969696969696995,-0.5653135022834654,-0.28531395704932183
2021-04-21,0.655,0.66,0.662,0.654,106800,14050312.0,1.21,0.0,0.0,0.92,0.05939004815409321,0.011899578124082991,120695.9,0.2965000000000001,1.536,1.0425,0.6540000000000001,0.6474,0.007575757575757569,-0.0060606060606061,-0.051515151515151514,-0.5503414195467821,-0.2923511329406404
2021-04-22,0.663,0.665,0.668,0.659,97191,12890096.0,1.36,0.76,0.005,0.84,0.08306188925081437,0.011203055669689531,120316.1,0.40650000000000003,1.532,1.039,0.6588,0.6491,-0.006015037593984918,-0.009022556390977488,-0.052631578947368474,-0.6096409274691816,-0.30949948808741223
2021-04-23,0.665,0.661,0.666,0.659,89840,11884285.0,1.05,-0.6,-0.004,0.78,0.06957928802589008,0.011406868636617518,120331.1,0.3440000000000001,1.4785,1.0394999999999999,0.6618,0.6505000000000001,-0.004538577912254205,-0.015128593040847238,-0.039334341906202774,-0.5119063326716797,-0.2520772774895399
2021-04-26,0.661,0.658,0.672,0.657,124939,16605304.0,2.27,-0.45,-0.003,1.08,0.04113924050632911,0.010586036180683836,120680.6,0.20800000000000005,1.4785,1.0425,0.6608,0.6531,-0.00455927051671734,-0.019756838905775065,-0.04103343465045595,0.26617679791449134,-0.029841069844154577
2021-04-27,0.657,0.655,0.659,0.648,81885,10693874.0,1.67,-0.46,-0.003,0.71,0.04299363057324834,0.010519309199249816,120760.15,0.21650000000000005,1.491,1.0435,0.6597999999999999,0.6552,0.0015267175572519776,-0.03969465648854964,-0.01984732824427482,1.1093133276926794,0.13595885514787964
2021-04-28,0.654,0.656,0.657,0.649,77431,10114046.0,1.22,0.15,0.001,0.67,0.042925278219395846,0.010519505653288741,121234.55,0.21600000000000005,1.512,1.0475,0.659,0.6565,0.004573170731707377,-0.04573170731707321,-0.018292682926829285,0.8836769756887695,0.22402355234897842
2021-04-29,0.657,0.659,0.669,0.654,350016,46078251.0,2.29,0.46,0.003,3.02,0.04769475357710662,0.010519875503971524,135043.05,0.23900000000000005,1.579,1.1665,0.6577999999999999,0.6583,-0.012139605462822445,-0.04400606980273147,-0.019726858877086473,1.4664610064797095,0.23472200537588828
2021-04-30,0.659,0.651,0.663,0.648,248676,32473800.0,2.28,-1.21,-0.008,2.15,0.020376175548589393,0.010604109839478132,143571.65,0.10700000000000007,1.6135000000000002,1.2405,0.6558,0.6588,-0.009216589861751112,-0.02457757296466978,-0.007680491551459334,1.0628861857753131,0.08207486990098811
2021-05-06,0.65,0.645,0.652,0.642,1191466,154434360.0,1.54,-0.92,-0.006,10.29,-0.006163328197226536,0.010118742614957588,195193.75,-0.02499999999999993,1.6045000000000003,1.6864999999999999,0.6532,0.657,-0.024806201550387597,-0.02170542635658912,0.007751937984496138,0.8659167086437081,0.837980356822289
2021-05-07,0.646,0.629,0.647,0.628,300420,38408643.0,2.95,-2.48,-0.016,2.6,-0.03379416282642089,0.011465789047450207,202825.25,-0.16449999999999992,1.698,1.7525,0.648,0.6539,-0.004769475357710662,0.020667726550079424,0.025437201907790197,-0.16378523200340178,-0.18122448919652057
2021-05-10,0.613,0.626,0.635,0.613,231106,28894110.0,3.5,-0.48,-0.003,2.0,-0.035439137134052445,0.011483099059780524,208425.0,-0.17299999999999993,1.8115,1.8010000000000002,0.642,0.6505000000000001,0.006389776357827559,0.028753993610223683,0.04952076677316297,-0.2021234249231716,-0.05589204143705462
2021-05-11,0.621,0.63,0.63,0.617,213240,26542179.0,2.08,0.64,0.004,1.84,-0.02777777777777779,0.011626366421639445,214296.25,-0.13349999999999992,1.8539999999999999,1.8514999999999997,0.6362,0.647,0.007936507936507908,0.02539682539682553,0.06666666666666665,-0.2389148188676392,0.15373865734690884
2021-05-12,0.625,0.635,0.635,0.623,109930,13844491.0,1.9,0.79,0.005,0.95,-0.018547140649149974,0.011809578419993473,215665.1,-0.08649999999999994,1.895,1.8634999999999997,0.633,0.6444,-0.006299212598425252,0.017322834645669305,0.04881889763779523,-0.34574407033199406,0.15354578160530075
2021-05-13,0.629,0.631,0.638,0.628,54656,6908861.0,1.57,-0.63,-0.004,0.47,-0.0015822784810126667,0.01067989539965009,212145.5,-0.0019999999999999463,1.8190000000000002,1.8329999999999997,0.6302,0.6417,0.017432646592709933,0.030110935023771823,0.07448494453248822,-0.4839159522360158,0.1458038540800839
2021-05-14,0.631,0.642,0.642,0.629,80908,10289633.0,2.06,1.74,0.011,0.7,0.012618296529968376,0.011359118660917066,204649.2,0.06900000000000005,1.843,1.7685,0.6328,0.6404,0.0031152647975078995,0.004672897196261738,0.051401869158878455,-0.4593328930409488,-0.06076328538624909
2021-05-17,0.641,0.644,0.651,0.64,90093,11643591.0,1.71,0.31,0.002,0.78,0.0015552099533437946,0.010927675689610769,200469.25,0.013500000000000054,1.8575,1.7325,0.6364000000000001,0.6392,0.0031055900621117516,0.02018633540372683,0.05745341614906829,0.12465077909142641,-0.06255273454876875
2021-05-18,0.644,0.646,0.647,0.64,92185,11861560.0,1.09,0.31,0.002,0.8,0.007800312012480548,0.01091892569498936,199072.55,0.04450000000000005,1.8575,1.7205,0.6396000000000001,0.6378999999999999,0.0,0.04024767801857587,0.05882352941176472,0.472290924699976,-0.05863820266135156
2021-05-19,0.646,0.646,0.649,0.641,107460,13895327.0,1.24,0.0,0.0,0.93,0.0,0.010780814054836952,199850.7,0.005500000000000052,1.8495000000000001,1.7274999999999998,0.6418,0.6374000000000001,0.006191950464396356,0.03095975232198156,0.04334365325077405,0.6780498055252899,0.13035974709296005
2021-05-20,0.648,0.65,0.652,0.645,73104,9480613.0,1.08,0.62,0.004,0.63,-0.019607843137254943,0.008991465223333883,196817.15,-0.09499999999999993,1.764,1.701,0.6456000000000001,0.6379,-0.007692307692307665,0.04307692307692301,0.030769230769230882,1.2924251998220329,0.18695017644780698
2021-05-21,0.651,0.645,0.653,0.644,90473,11705947.0,1.38,-0.77,-0.005,0.78,-0.022727272727272707,0.009085132323109292,190590.95,-0.11099999999999995,1.7725000000000002,1.6469999999999998,0.6462,0.6395000000000001,0.018604651162790642,0.04651162790697683,0.04651162790697683,1.776123382192809,0.6831303398555468
2021-05-24,0.644,0.657,0.657,0.643,109538,14302397.0,2.17,1.86,0.012,0.95,-0.004545454545454519,0.010100445580938804,190727.85,-0.017999999999999926,1.8205000000000002,1.6484999999999999,0.6487999999999999,0.6426000000000001,0.022831050228310446,0.0365296803652968,0.04718417047184165,0.42958591916142996,0.4929505525256128
2021-05-25,0.657,0.672,0.673,0.656,235547,31366485.0,2.59,2.28,0.015,2.03,0.010526315789473717,0.011229794586940635,197645.65,0.058000000000000065,1.8820000000000001,1.7079999999999997,0.654,0.6468,-0.008928571428571397,0.017857142857142794,0.019345238095238138,-0.15807634016005945,0.10459717905420174
2021-05-26,0.674,0.666,0.674,0.665,174364,23319487.0,1.34,-0.89,-0.006,1.51,0.0075642965204236745,0.011338272676607386,201871.85,0.04350000000000005,1.8965,1.7445,0.658,0.6499,0.018018018018018056,0.012012012012011963,0.03453453453453448,-0.14280091028452124,-0.053217214257119116
2021-05-27,0.664,0.678,0.682,0.664,171678,23226607.0,2.7,1.8,0.012,1.48,0.03039513677811545,0.011923944137227199,204208.8,0.15600000000000006,1.918,1.7645,0.6636000000000001,0.6546000000000001,-0.004424778761061954,-0.01179941002949858,0.03392330383480813,-0.4064219687870779,-0.05721709274834119
2021-05-28,0.678,0.675,0.679,0.67,103441,13945414.0,1.33,-0.44,-0.003,0.89,0.03053435114503822,0.011920345495807975,205286.6,0.15700000000000006,1.9009999999999998,1.7734999999999999,0.6696000000000001,0.6579,0.008888888888888946,0.0,0.026666666666666616,-0.3178875647752585,0.016455144111849007
2021-05-31,0.675,0.681,0.684,0.675,178875,24294414.0,1.33,0.89,0.006,1.55,0.038109756097560954,0.012032011031713278,210358.8,0.19400000000000006,1.9065,1.8175000000000001,0.6744000000000001,0.6616000000000001,0.004405286343612369,0.010279001468428639,0.023494860499265746,-0.05889784516705654,0.00042968820048128187
2021-06-01,0.682,0.684,0.687,0.677,127940,17498766.0,1.47,0.44,0.003,1.11,0.03793626707132014,0.012030136106609291,199255.0,0.19300000000000006,1.8655000000000002,1.722,0.6768000000000001,0.6654000000000001,-0.014619883040935644,0.0014619883040936088,-0.0014619883040936088,0.23109511612157996,0.17808892059889825
2021-06-02,0.684,0.674,0.687,0.672,185596,25130298.0,2.19,-1.46,-0.01,1.6,0.03533026113671278,0.012194492284639256,196101.0,0.18050000000000005,1.861,1.6945000000000001,0.6784000000000001,0.6682,-0.005934718100890191,0.022255192878338104,0.04599406528189909,-0.18520506330569475,0.2082007192080193
2021-06-03,0.676,0.67,0.68,0.67,177547,23984220.0,1.48,-0.59,-0.004,1.53,0.03875968992248069,0.0120596672526036,145405.05,0.19700000000000006,1.858,1.2565,0.6768000000000001,0.6702000000000001,0.00746268656716409,0.04626865671641789,0.06119402985074607,0.03929618041007332,0.14332487337532696
2021-06-04,0.669,0.675,0.679,0.668,92415,12433528.0,1.64,0.75,0.005,0.8,0.07313195548489682,0.010321854561941046,135004.8,0.3585000000000001,1.7925,1.1664999999999999,0.6768000000000001,0.6732,0.019259259259259087,0.026666666666666616,0.06518518518518501,0.3314867683436422,0.19575970077128835
2021-06-07,0.68,0.688,0.688,0.679,114573,15694012.0,1.33,1.93,0.013,0.99,0.09904153354632572,0.010690027234821606,129178.15,0.4790000000000001,1.684,1.116,0.6782,0.6763,-0.0043604651162789665,0.013081395348837122,0.043604651162790775,-0.15096778345918715,0.1466628434350168
2021-06-08,0.69,0.685,0.692,0.683,139017,19103188.0,1.31,-0.44,-0.003,1.2,0.08730158730158744,0.010873889701925262,125467.0,0.425,1.6455000000000002,1.084,0.6784,0.6776000000000001,0.005839416058394109,-0.0029197080291970545,0.07007299270072975,0.14087517791337212,0.33626972168206937
2021-06-09,0.688,0.689,0.692,0.683,100821,13847511.0,1.31,0.58,0.004,0.87,0.08503937007873996,0.010846542923378446,125011.55,0.41450000000000004,1.616,1.08,0.6814,0.6799,0.01741654571843254,0.02322206095791013,0.055152394775036306,1.0769715172742313,0.4817890453445639
2021-06-10,0.69,0.701,0.702,0.687,214647,29914828.0,2.18,1.74,0.012,1.85,0.11093502377179076,0.010940617857593739,133011.1,0.533,1.6465,1.149,0.6876,0.6822,-0.011412268188302432,0.014265335235378096,0.041369472182596345,1.1091388366162853,0.44210378356313074
2021-06-11,0.702,0.693,0.704,0.692,169334,23565154.0,1.71,-1.14,-0.008,1.46,0.07943925233644844,0.011160323686294193,137432.4,0.3890000000000001,1.629,1.187,0.6911999999999999,0.6839999999999999,0.005772005772005873,0.037518037518037506,0.06349206349206349,0.3945554732768428,0.2628389840816421
2021-06-15,0.696,0.697,0.701,0.69,116574,16243270.0,1.59,0.58,0.004,1.01,0.08229813664596253,0.011166447919115044,138756.45,0.4025,1.623,1.1985,0.693,0.6856,-0.020086083213773143,0.030129124820660103,0.0444763271162123,0.732859317390198,0.37936127600298364
2021-06-16,0.699,0.683,0.699,0.681,127835,17585625.0,2.58,-2.01,-0.014,1.1,0.05727554179566563,0.012402308546114398,140538.95,0.28650000000000003,1.6974999999999998,1.2135,0.6926,0.6855,0.03221083455344065,0.07320644216691052,0.08931185944363085,-0.14955910623335433,0.04021846108103988
2021-06-17,0.682,0.705,0.706,0.682,200189,27937786.0,3.51,3.22,0.022,1.73,0.09133126934984515,0.013999706861088482,145175.4,0.44750000000000006,1.811,1.2535,0.6958,0.6885999999999999,0.008510638297872353,0.031205673758865293,0.03546099290780136,-0.4661072271802861,-0.13016031237458336
2021-06-18,0.705,0.711,0.714,0.705,539802,76554902.0,1.28,0.85,0.006,4.66,0.09384615384615369,0.01402427829817803,168510.3,0.4590000000000001,1.8209999999999997,1.455,0.6978,0.6927,0.011251758087201136,0.026722925457102642,0.005625879043600568,-0.442899566699101,0.01242300802666474
2021-06-21,0.711,0.719,0.721,0.706,300472,43020112.0,2.11,1.13,0.008,2.6,0.11472868217054266,0.013788978623969014,179010.25,0.554,1.8575000000000004,1.546,0.7030000000000001,0.6971,-0.0013908205841446364,0.025034770514603677,0.01947148817802513,-0.40677338900860527,0.11144257519888834
2021-06-22,0.72,0.718,0.722,0.713,102340,14693885.0,1.25,-0.14,-0.001,0.88,0.09284627092846254,0.013513641262692,178650.35,0.45400000000000007,1.8115,1.5425,0.7072,0.7001,0.020891364902507092,0.013927576601671321,0.01532033426183843,-0.296205279621759,0.1612083239997466
2021-06-23,0.721,0.733,0.736,0.714,673263,97727363.0,3.06,2.09,0.015,5.82,0.09077380952380953,0.013381743868077054,200536.15,0.4445,1.8349999999999997,1.732,0.7172,0.7049,-0.008185538881309684,0.01500682128240105,0.006821282401091366,0.07956595366199348,0.06688723561437926
2021-06-24,0.734,0.727,0.735,0.723,237328,34521869.0,1.64,-0.82,-0.006,2.05,0.09159159159159147,0.013343657137239315,203684.35,0.44800000000000006,1.85,1.759,0.7216,0.7087,0.004126547455295837,0.004126547455295837,0.03301237964236581,0.4607184385981651,0.04642221542121705
2021-06-25,0.727,0.73,0.732,0.721,155526,22631011.0,1.51,0.41,0.003,1.34,0.07669616519174038,0.012957596507827381,202876.75,0.3785,1.7904999999999998,1.752,0.7253999999999999,0.7116,0.009589041095890316,-0.020547945205479423,0.020547945205479534,0.6745619633343476,0.10827788134691607
2021-06-28,0.733,0.737,0.741,0.727,139606,20552905.0,1.92,0.96,0.007,1.21,0.09185185185185185,0.012869108400641704,204685.0,0.4485000000000001,1.8199999999999998,1.768,0.729,0.716,-0.012211668928086894,-0.005427408412483015,0.03256445047489831,1.0415305133333184,0.24717815089800088
2021-06-29,0.734,0.728,0.739,0.727,98671,14413533.0,1.63,-1.22,-0.009,0.85,0.06901615271659312,0.013344917603622226,200674.8,0.3430000000000001,1.8350000000000002,1.733,0.731,0.7191,0.0219780219780219,0.0013736263736263687,0.03296703296703307,0.6324320128982663,0.15412371324588237
2021-06-30,0.728,0.744,0.744,0.728,187422,27776422.0,2.2,2.2,0.016,1.62,0.08771929824561386,0.013976302620711673,203648.9,0.43100000000000005,1.8715,1.7585000000000002,0.7332,0.7252,-0.018817204301075252,-0.008064516129032251,0.0013440860215054862,0.4413161832154997,0.23839211750067535
2021-07-01,0.747,0.73,0.747,0.729,149738,22061736.0,2.42,-1.88,-0.014,1.29,0.08308605341246289,0.014303129439448756,201856.0,0.41000000000000014,1.8829999999999998,1.7429999999999999,0.7338,0.7277,-0.020547945205479423,0.02876712328767117,0.016438356164383494,0.12423589552718006,0.169272516577742
2021-07-02,0.723,0.715,0.727,0.715,139228,20029746.0,1.64,-2.05,-0.015,1.2,0.06716417910447747,0.01518833793146647,199940.05,0.3370000000000001,1.891,1.7265000000000001,0.7308,0.7281,0.025174825174825166,0.04195804195804209,0.036363636363636376,-0.22982882441742247,-0.09378188872075699
2021-07-05,0.72,0.733,0.733,0.72,152850,22220331.0,1.82,2.52,0.018,1.32,0.08592592592592574,0.0159377487719092,202961.8,0.4255000000000001,1.9,1.7525000000000002,0.73,0.7294999999999999,-0.00545702592087316,0.03819918144611201,0.013642564802182733,-0.40200629349266026,-0.30870039507112146
2021-07-06,0.732,0.729,0.741,0.718,137213,19990038.0,3.14,-0.55,-0.004,1.19,0.05959302325581395,0.015668689964471058,204093.8,0.30150000000000005,1.9905000000000002,1.7625,0.7302,0.7306,0.012345679012345734,0.03155006858710574,0.024691358024691468,-0.30523026274291254,-0.32629607511696224
2021-07-07,0.726,0.738,0.74,0.718,113431,16618185.0,3.02,1.23,0.009,0.98,0.07737226277372256,0.015700103556191333,202814.5,0.3850000000000001,2.0759999999999996,1.7515,0.7289999999999999,0.7311,0.017615176151761558,0.009485094850948617,0.03658536585365857,-0.1883168626009527,-0.192354199946432
2021-07-08,0.738,0.751,0.753,0.737,200716,30019768.0,2.17,1.76,0.013,1.73,0.08998548621190139,0.01599664909684135,207809.25,0.4440000000000001,2.1189999999999998,1.7945,0.7332,0.7334999999999999,-0.007989347536617841,-0.011984021304926817,0.02796271637816239,-0.2671242399643069,-0.2586728000127968
2021-07-09,0.747,0.745,0.747,0.731,169443,25042023.0,2.13,-0.8,-0.006,1.46,0.06276747503566349,0.015920396521096943,205549.05,0.31700000000000006,2.1165,1.775,0.7392,0.735,0.021476510067114152,-0.005369127516778538,0.024161073825503365,-0.08801015461688177,-0.2513492885470865
2021-07-12,0.746,0.761,0.761,0.74,188403,28390648.0,2.82,2.15,0.016,1.63,0.09812409812409828,0.016033236759685317,206502.5,0.48150000000000004,2.1719999999999997,1.7835,0.7447999999999999,0.7373999999999999,-0.01182654402102501,-0.023653088042049908,-0.009198423127463884,-0.564183441529835,-0.358509507950754
2021-07-13,0.762,0.752,0.762,0.745,115511,17369557.0,2.23,-1.18,-0.009,1.0,0.0789096126255382,0.016455190408747305,206449.35,0.39350000000000007,2.2039999999999997,1.783,0.7494000000000001,0.7398,-0.009308510638297851,-0.0066489361702127825,-0.007978723404255317,-0.6224472378558794,-0.36396598504018496
2021-07-14,0.749,0.745,0.754,0.743,127557,19099606.0,1.46,-0.93,-0.007,1.1,0.0907759882869692,0.015790249987625966,206435.45,0.44750000000000006,2.148,1.783,0.7508000000000001,0.7399,-0.004026845637583931,0.02684563758389258,-0.024161073825503365,-0.31338930701275136,-0.19972543102926055
2021-07-15,0.742,0.742,0.748,0.734,112087,16553248.0,1.88,-0.4,-0.003,0.97,0.052482269503546064,0.014463059309037702,202030.35,0.26650000000000007,2.0665,1.7449999999999999,0.749,0.7411,-0.0013477088948786742,0.040431266846361114,0.020215633423180668,-0.2810834008089831,0.21860699576155596
2021-07-16,0.742,0.741,0.752,0.74,107777,16051960.0,1.62,-0.13,-0.001,0.93,0.04219409282700415,0.014421095943307809,180429.1,0.21750000000000008,2.0835,1.5585,0.7482,0.7437,0.0026990553306343035,0.029689608636977116,0.026990553306342813,-0.029150260805280714,0.3867133628070354
2021-07-19,0.736,0.743,0.744,0.733,86097,12739693.0,1.48,0.27,0.002,0.74,0.033379694019471495,0.014263469664786936,169710.35,0.17450000000000004,2.0520000000000005,1.4655,0.7445999999999999,0.7447,0.0053835800807537915,0.014804845222072593,0.02960969044414541,1.5811034010133005,0.647902427844449
2021-07-20,0.738,0.747,0.748,0.735,90950,13487762.0,1.75,0.54,0.004,0.79,0.04038997214484685,0.014265660922204777,169140.85,0.20850000000000005,2.0770000000000004,1.4609999999999999,0.7436,0.7464999999999999,0.024096385542168752,-0.0013386880856760541,0.0,1.8203546442053975,0.8239967972084725
2021-07-21,0.752,0.765,0.773,0.749,370687,56727419.0,3.21,2.41,0.018,3.2,0.043656207366985056,0.014504128407054614,154012.05,0.22450000000000006,2.0845,1.33,0.7475999999999999,0.7492,0.009150326797385588,-0.04967320261437913,0.0,0.11648230643886315,0.6029174610636154
2021-07-22,0.767,0.772,0.773,0.76,170579,26155629.0,1.7,0.92,0.007,1.47,0.061898211829436,0.014365743841266381,150674.6,0.31150000000000005,2.0875,1.301,0.7535999999999999,0.7513,-0.011658031088082943,-0.01943005181347157,-0.0181347150259068,1.6423926543392784,0.6933494891130392
2021-07-23,0.772,0.763,0.774,0.757,176635,26906329.0,2.2,-1.17,-0.009,1.53,0.045205479452054886,0.014735504765970254,151730.05,0.23250000000000007,2.1220000000000003,1.3105,0.758,0.7531000000000001,-0.011795543905635641,-0.002621231979030192,-0.014416775884665833,0.9958086165892717,0.6273277172631344
2021-07-26,0.76,0.754,0.766,0.736,160628,24123663.0,3.93,-1.18,-0.009,1.39,0.023066485753052923,0.014954203182259231,152781.15,0.12550000000000008,2.2225,1.3195,0.7602,0.7524,-0.010610079575596787,0.01458885941644561,0.0013262599469496816,0.6365222963640274,0.7736504798642378
2021-07-27,0.753,0.746,0.779,0.744,163722,25000755.0,4.64,-1.06,-0.008,1.41,0.024725274725274637,0.0148824571179188,156033.7,0.13350000000000004,2.3729999999999998,1.3475,0.76,0.7518,-0.025469168900804307,0.0013404825737266535,0.013404825737265424,0.6772772632490491,0.7610173163905032
2021-07-28,0.74,0.727,0.744,0.708,194767,28252803.0,4.83,-2.55,-0.019,1.68,-0.022849462365591378,0.015195647631154933,156400.95,-0.10399999999999995,2.5045,1.3504999999999998,0.7524000000000001,0.75,0.04126547455295748,0.05226960110041268,0.038514442916093516,0.9565342327921729,0.3072439594770493
2021-07-29,0.74,0.757,0.76,0.738,160219,23972819.0,3.03,4.13,0.03,1.38,0.03698630136986303,0.01729184419165002,156925.0,0.19650000000000004,2.535,1.355,0.7494,0.7515000000000001,0.005284015852047519,0.0013210039630118242,0.0026420079260238705,-0.3098773802194619,-0.3617928276558301
2021-07-30,0.755,0.761,0.764,0.748,131918,19926343.0,2.11,0.53,0.004,1.14,0.06433566433566429,0.01646735755094063,156559.5,0.3255,2.5585,1.3519999999999999,0.749,0.7535000000000001,0.005256241787122251,-0.01182654402102501,-0.02890932982917216,-0.3016548761287956,-0.23738687701749406
2021-08-02,0.76,0.765,0.766,0.753,114544,17418921.0,1.71,0.53,0.004,0.99,0.043656207366985056,0.01565381642594047,154644.2,0.22600000000000003,2.553,1.3355000000000001,0.7512000000000001,0.7557,-0.02352941176470591,-0.013071895424836666,-0.03790849673202623,-0.2843053119686634,-0.25213628318451453
2021-08-03,0.759,0.747,0.767,0.745,139975,21068162.0,2.88,-2.35,-0.018,1.21,0.024691358024691468,0.016614511454964568,154782.3,0.136,2.54,1.3365,0.7514000000000001,0.7557,0.024096385542168752,0.012048192771084265,-0.04417670682730923,-0.5087163158498961,-0.2619799976613375
2021-08-04,0.744,0.765,0.765,0.744,89781,13583259.0,2.81,2.41,0.018,0.78,0.03658536585365857,0.01722051063890887,153599.8,0.195,2.5295,1.3264999999999998,0.7590000000000001,0.7556999999999999,-0.009150326797385588,-0.013071895424836666,-0.06274509803921569,-0.763045705485893,-0.4076502219818747
2021-08-05,0.765,0.758,0.765,0.753,170230,25839361.0,1.57,-0.92,-0.007,1.47,0.009320905459387463,0.016976355885143624,152075.5,0.06100000000000003,2.4995000000000003,1.3135,0.7592000000000001,0.7543,-0.0079155672823219,0.0013192612137202797,-0.04617414248021112,-0.7063305621660514,-0.3689731287031264
2021-08-06,0.758,0.752,0.761,0.746,101159,15217708.0,1.98,-0.79,-0.006,0.87,0.00939597315436247,0.016974399102057215,148661.3,0.06150000000000002,2.492,1.284,0.7574,0.7532,0.003989361702127603,-0.017287234042553168,-0.037234042553191515,-0.270050702351488,-0.3606095787037046
2021-08-09,0.75,0.755,0.756,0.741,68799,10290405.0,1.99,0.4,0.003,0.59,-0.007884362680683266,0.016278765922894678,142681.1,-0.025999999999999978,2.4505,1.2319999999999998,0.7554000000000001,0.7533000000000001,0.0013245033112583293,-0.025165562913907258,-0.021192052980132492,-0.30208506306814753,-0.2557252199947827
2021-08-10,0.752,0.756,0.757,0.747,74584,11215880.0,1.32,0.13,0.001,0.64,0.005319148936170137,0.016051446316919574,140634.75,0.03950000000000002,2.4050000000000002,1.214,0.7572,0.7543,-0.001322751322751281,-0.05555555555555558,-0.01851851851851849,0.1830457118643427,-0.237944351142229
2021-08-11,0.756,0.755,0.759,0.749,96116,14478298.0,1.32,-0.13,-0.001,0.83,0.01342281879194629,0.015896153186969974,139062.7,0.07950000000000002,2.398,1.2005000000000001,0.7552,0.7571000000000001,0.005298013245033095,-0.05033112582781463,-0.02384105960264904,1.9351670573950068,-0.13753254938295223
2021-08-12,0.755,0.759,0.768,0.753,74774,11363737.0,1.99,0.53,0.004,0.65,0.022911051212938016,0.015884307491268408,137197.05,0.12600000000000003,2.4035,1.1844999999999999,0.7554000000000001,0.7573,-0.026350461133069825,-0.04743083003952575,-0.04611330698287219,2.3560887041655056,0.2855921768434213
2021-08-13,0.757,0.739,0.757,0.736,85115,12653214.0,2.77,-2.64,-0.02,0.74,-0.0026990553306343035,0.017041444288300366,136063.95,0.0005000000000000115,2.461,1.175,0.7528,0.7550999999999999,-0.004059539918809252,-0.020297699594046037,-0.023004059539918797,0.15981478560983797,-0.05494523269690921
2021-08-16,0.737,0.736,0.744,0.731,57935,8542113.0,1.76,-0.41,-0.003,0.5,-0.009421265141319024,0.017052156935359837,134655.85,-0.033499999999999974,2.4749999999999996,1.163,0.749,0.7522,-0.029891304347826164,0.0040760869565217295,-0.021739130434782594,0.5113672132034981,-0.037922332926188074
2021-08-17,0.735,0.714,0.737,0.712,75665,10929656.0,3.4,-2.99,-0.022,0.65,-0.04417670682730923,0.0182141408760708,133891.6,-0.20999999999999996,2.5575,1.1560000000000001,0.7405999999999999,0.7489,0.004201680672268893,0.03921568627450989,-0.011204481792717047,-0.5148238186079075,-0.23648917372599287
2021-08-18,0.714,0.717,0.719,0.709,270863,38585878.0,1.4,0.42,0.003,2.34,-0.06274509803921569,0.017224571163857335,128900.4,-0.3095,2.467,1.113,0.733,0.7441000000000001,0.008368200836819994,0.02789400278940035,-0.012552301255230103,-0.3996962782491924,-0.05348987929109594
2021-08-19,0.718,0.723,0.728,0.716,64346,9311999.0,1.67,0.84,0.006,0.56,-0.06347150259067358,0.017196172498695945,123588.75,-0.3135,2.4655,1.0675,0.7257999999999999,0.7406,0.0013831258644536604,0.0013831258644536604,-0.03042876901798064,-0.19381127900961692,-0.12621383452259372
2021-08-20,0.721,0.724,0.731,0.715,47155,6805605.0,2.21,0.14,0.001,0.41,-0.051114023591087854,0.017102916199202834,117114.75,-0.248,2.4659999999999997,1.0114999999999998,0.7228,0.7377999999999999,0.02071823204419898,-0.002762430939226568,-0.03038674033149169,-0.062175657640447524,-0.1306703216302555
2021-08-23,0.716,0.739,0.742,0.716,43378,6378619.0,3.59,2.07,0.015,0.37,-0.019893899204244003,0.017705626102965877,111252.25,-0.08550000000000002,2.449,0.9605,0.7234,0.7362,0.004059539918809252,-0.02571041948579167,-0.03112313937753719,-0.5746641458755737,-0.25405076689879746
2021-08-24,0.74,0.742,0.744,0.734,45040,6676629.0,1.35,0.41,0.003,0.39,-0.00536193029490617,0.017583702948272578,105318.15,-0.012000000000000007,2.2845000000000004,0.9095000000000001,0.729,0.7347999999999999,-0.006738544474393482,-0.04851752021563349,-0.03234501347708896,0.05673346007919311,-0.263720007653249
2021-08-25,0.744,0.737,0.745,0.732,256385,37744205.0,1.75,-0.67,-0.005,2.21,0.01375515818431916,0.01663590044467252,108399.05,0.08199999999999999,2.1305,0.9360000000000002,0.733,0.7329999999999999,-0.01763907734056991,-0.03934871099050208,-0.013568521031207648,-0.015535213874452003,-0.2070744591880609
2021-08-26,0.737,0.724,0.738,0.722,68932,10059009.0,2.17,-1.76,-0.013,0.6,-0.04359313077939242,0.014121759812763722,103834.7,-0.2125,2.0875,0.8969999999999999,0.7332,0.7295,-0.002762430939226568,-0.03176795580110503,-0.012430939226519389,-0.39515206667890046,-0.2392979794308413
2021-08-27,0.722,0.722,0.727,0.72,27532,3983058.0,0.97,-0.28,-0.002,0.24,-0.05124835742444156,0.014013600062457235,98615.4,-0.253,2.0305,0.852,0.7327999999999999,0.7278,-0.0027700831024930483,-0.027700831024930817,0.005540166204986097,-0.3530275645796077,-0.0579712657023852
2021-08-30,0.728,0.72,0.736,0.716,58187,8460047.0,2.77,-0.28,-0.002,0.5,-0.05882352941176472,0.013893198370968241,95797.55,-0.2935,2.0835,0.8275,0.729,0.7262,-0.019444444444444486,-0.005555555555555536,-0.005555555555555536,0.8571224404762003,-0.0031516170219586526
2021-08-31,0.718,0.706,0.718,0.7,53662,7577873.0,2.5,-1.94,-0.014,0.46,-0.05488621151271755,0.013601454975521574,91481.9,-0.273,2.0645,0.79,0.7218,0.7253999999999999,0.0028328611898016387,0.016997167138810276,0.012747875354107707,0.3156151773853446,0.030723770497821823
2021-09-01,0.709,0.708,0.709,0.693,41795,5860340.0,2.27,0.28,0.002,0.36,-0.0745098039215687,0.01214747947038963,89082.6,-0.37950000000000006,2.0375,0.7689999999999999,0.716,0.7244999999999999,-0.009887005649717562,0.026836158192090398,0.0,0.14443876160871172,0.07556190344041913
2021-09-02,0.708,0.701,0.708,0.698,35180,4932844.0,1.41,-0.99,-0.007,0.3,-0.07519788918205816,0.012165680909680216,82330.1,-0.383,2.0294999999999996,0.7105,0.7114,0.7222999999999999,0.0014265335235377208,0.0199714693295292,-0.0099857346647646,0.6032219423175331,0.19962005631817004
2021-09-03,0.701,0.702,0.707,0.694,49097,6890659.0,1.85,0.14,0.001,0.42,-0.06648936170212771,0.012179907758203413,79727.0,-0.3365,2.023,0.688,0.7074,0.7201000000000001,0.019943019943019946,0.03418803418803429,-0.01139601139601143,0.5738461465807925,0.1977603374954653
2021-09-06,0.703,0.716,0.717,0.697,70685,10026877.0,2.85,1.99,0.014,0.61,-0.051655629139072845,0.013169034687350766,79821.3,-0.257,2.066,0.689,0.7065999999999999,0.7177999999999999,0.0027932960893854997,0.0,-0.033519553072625774,-0.008350687888282304,0.03069551727643227
2021-09-07,0.713,0.718,0.721,0.713,58494,8385613.0,1.12,0.28,0.002,0.51,-0.050264550264550345,0.013195937791053054,79016.8,-0.24950000000000006,2.056,0.6824999999999999,0.709,0.7154,0.012534818941504211,-0.004178272980501441,-0.01810584958217276,0.371207094972964,0.2022620724008124
2021-09-08,0.718,0.727,0.727,0.718,91169,13171571.0,1.25,1.25,0.009,0.79,-0.03708609271523178,0.013617637210479056,78769.45,-0.18050000000000005,2.0524999999999998,0.6805000000000001,0.7128,0.7144,-0.016506189821182904,-0.02613480055020634,-0.03576341127922977,0.1285583614325967,0.0347422120713301
2021-09-09,0.725,0.715,0.725,0.711,50813,7262501.0,1.93,-1.65,-0.012,0.44,-0.05797101449275366,0.013889632086557245,77571.4,-0.2895,2.0494999999999997,0.67,0.7156,0.7135,0.01538461538461533,-0.029370629370629397,-0.025174825174825166,-0.008415772637684671,-0.016287860158771816
2021-09-10,0.713,0.726,0.73,0.712,100740,14568669.0,2.52,1.54,0.011,0.87,-0.017591339648173276,0.013302042141888184,78352.65,-0.08050000000000003,2.037,0.6765000000000001,0.7203999999999999,0.7139,-0.01377410468319562,-0.0440771349862259,-0.03994490358126723,-0.42391529443183396,-0.22292997316965768
2021-09-13,0.724,0.716,0.725,0.715,69511,9954850.0,1.38,-1.38,-0.01,0.6,-0.02717391304347827,0.013601228929877245,78931.45,-0.12900000000000003,2.018,0.6815,0.7204,0.7135,-0.0013966480446927498,-0.033519553072625774,-0.05027932960893844,-0.44292633127543857,-0.15323491091703156
2021-09-14,0.712,0.715,0.727,0.711,49857,7167511.0,2.23,-0.14,-0.001,0.43,0.0014005602240896309,0.011823618959728551,77641.05,0.013499999999999984,1.9594999999999998,0.6705,0.7198,0.7144,-0.009790209790209836,-0.013986013986013957,-0.034965034965035,-0.02627781603001722,0.08842873777902827
2021-09-15,0.714,0.708,0.714,0.705,43767,6202909.0,1.26,-0.98,-0.007,0.38,-0.012552301255230103,0.011983284236146028,66286.25,-0.056500000000000015,1.9525,0.5725,0.716,0.7144,-0.019774011299435013,-0.009887005649717562,-0.009887005649717562,0.07696857069138385,0.13337249685706842
2021-09-16,0.709,0.694,0.711,0.694,30428,4253989.0,2.4,-1.98,-0.014,0.26,-0.04011065006915637,0.012519600787092557,64590.35,-0.1975,1.9889999999999997,0.5575,0.7118,0.7137,0.0,0.004322766570605152,0.007204610951008661,-0.24643640185204663,-0.07470942047786477
2021-09-17,0.695,0.694,0.699,0.684,40599,5603857.0,2.16,0.0,0.0,0.35,-0.04143646408839785,0.012503912105616799,64262.55,-0.2045,1.9865000000000002,0.5545,0.7053999999999999,0.7129000000000001,-0.0028818443804035088,0.004322766570605152,-0.01729106628242061,0.23124389370410858,0.08941385649358446
2021-09-22,0.687,0.692,0.697,0.686,53967,7475522.0,1.59,-0.29,-0.002,0.47,-0.06359945872801087,0.011298709595683723,64792.0,-0.3225,1.8864999999999998,0.5595,0.7006,0.7104999999999999,0.018786127167630173,-0.01734104046242757,-0.00433526011560692,0.8873956581252451,0.3230698962724601
2021-09-23,0.697,0.705,0.708,0.695,51633,7255435.0,1.88,1.88,0.013,0.45,-0.049865229110512166,0.012238798066810531,65121.65,-0.24900000000000003,1.9129999999999998,0.5625,0.6985999999999999,0.7091999999999999,-0.005673758865248235,-0.021276595744680882,-0.024113475177305,-0.014665797102384803,0.031229109703896363
2021-09-24,0.705,0.701,0.71,0.701,33411,4717176.0,1.28,-0.57,-0.004,0.29,-0.048846675712347354,0.012221616597607024,53972.95,-0.24400000000000005,1.8895,0.4665,0.6971999999999999,0.7066,-0.005706134094151216,0.0,-0.005706134094151216,0.19697837080014358,0.16505464476310827
2021-09-27,0.709,0.697,0.712,0.693,33491,4713178.0,2.71,-0.57,-0.004,0.29,-0.037292817679558055,0.011721069311750577,52200.9,-0.18450000000000003,1.9165000000000003,0.45100000000000007,0.6978,0.7048,0.0,0.0028694404591105283,-0.011477761836441891,0.5933949145598165,0.27012367803693604
2021-09-28,0.696,0.697,0.704,0.69,98655,13783005.0,2.01,0.0,0.0,0.85,-0.03462603878116344,0.01172581922016076,55757.05,-0.1705,1.9685,0.48150000000000004,0.6984,0.7019,-0.024390243902438935,-0.021520803443328407,0.0014347202295552641,0.9336567058701359,0.5431679887606533
2021-09-29,0.694,0.68,0.698,0.68,67794,9315505.0,2.58,-2.44,-0.017,0.59,-0.05555555555555547,0.012779386731849614,56237.4,-0.2785,1.959,0.48600000000000004,0.696,0.6982999999999999,0.014705882352941124,0.013235294117647012,0.020588235294117574,0.0915186678757407,0.14438944629849537
2021-09-30,0.684,0.69,0.694,0.682,55095,7611033.0,1.76,1.47,0.01,0.48,-0.022662889518413665,0.012716379938857521,56309.05,-0.10800000000000001,1.9220000000000002,0.487,0.693,0.6958,0.01594202898550723,-0.0028985507246377384,-0.004347826086956386,0.10437781837776394,-0.011096258082540222
2021-10-08,0.699,0.701,0.709,0.697,39124,5491858.0,1.74,1.59,0.011,0.34,-0.009887005649717562,0.013254530401025717,56175.5,-0.0425,1.8954999999999997,0.48600000000000004,0.693,0.6950999999999999,-0.0028530670470756636,-0.005706134094151216,-0.0099857346647646,-0.10843307214851505,-0.1325505597133535
2021-10-11,0.702,0.699,0.704,0.697,22230,3113107.0,1.0,-0.29,-0.002,0.19,-0.0028530670470756636,0.01308211911271218,55528.0,-0.007499999999999993,1.875,0.4805,0.6933999999999999,0.6956,-0.024320457796852546,-0.014306151645207432,-0.005722460658083017,-0.05174474541101903,-0.02810561038560877
2021-10-12,0.699,0.682,0.699,0.677,51641,7042740.0,3.15,-2.43,-0.017,0.45,-0.028490028490028352,0.014151125424885226,55655.2,-0.136,1.94,0.48199999999999993,0.6904,0.6943999999999999,0.010263929618768097,0.023460410557184508,0.023460410557184508,-0.4537454272501109,-0.3835646552427584
2021-10-13,0.68,0.689,0.69,0.68,32539,4445140.0,1.47,1.03,0.007,0.28,-0.03770949720670391,0.01353681425958308,53747.9,-0.184,1.871,0.4655,0.6922,0.6940999999999999,-0.0014513788098693414,0.007256894049346929,-0.004354136429608024,-0.33888276879516555,-0.31411814850814623
2021-10-14,0.69,0.688,0.693,0.687,28322,3907779.0,0.87,-0.15,-0.001,0.24,-0.04178272980501396,0.01349367362828703,52239.3,-0.20550000000000002,1.8585,0.45200000000000007,0.6918,0.6923999999999999,0.013081395348837122,-0.0014534883720929148,-0.008720930232557933,-0.20433195396501835,-0.23041791937789713
2021-10-15,0.692,0.697,0.7,0.688,25339,3531493.0,1.74,1.31,0.009,0.22,-0.04126547455295737,0.013525272923902765,48947.8,-0.20249999999999999,1.8830000000000002,0.42349999999999993,0.6910000000000001,0.692,-0.011477761836441891,-0.004304160688665681,-0.0014347202295552641,-0.21517628405937683,-0.1845943704766677
2021-10-18,0.698,0.689,0.698,0.684,113090,15534132.0,2.01,-1.15,-0.008,0.98,-0.036363636363636376,0.013286398583241136,52061.65,-0.1775,1.887,0.4505,0.6890000000000001,0.6911999999999999,0.013062409288824295,0.00870827285921627,0.029027576197387495,-0.35931480795035187,-0.16382517301493904
2021-10-19,0.69,0.698,0.698,0.69,69368,9657845.0,1.16,1.31,0.009,0.6,-0.038567493112947715,0.013137945306657033,50493.05,-0.189,1.8189999999999997,0.437,0.6921999999999999,0.6913,-0.005730659025787954,0.0,0.014326647564469885,-0.2580636680049744,-0.22782379244069306
2021-10-20,0.698,0.694,0.703,0.694,36904,5147672.0,1.29,-0.57,-0.004,0.32,-0.030726256983240274,0.012875247600393363,48862.7,-0.14850000000000002,1.8145000000000002,0.42299999999999993,0.6931999999999998,0.6927,-0.010086455331411948,-0.011527377521613702,0.025936599423631135,-0.0010917539705328494,-0.11245503330804041
2021-10-21,0.695,0.687,0.695,0.685,43453,5973983.0,1.44,-1.01,-0.007,0.38,-0.03916083916083901,0.013018110214499291,48542.5,-0.192,1.775,0.4205,0.693,0.6923999999999999,0.010189228529839722,-0.00727802037845704,0.04803493449781637,-0.1452300887349428,-0.14067366516336088
2021-10-22,0.689,0.694,0.699,0.688,18457,2564125.0,1.6,1.02,0.007,0.16,-0.019774011299435013,0.0131478948276976,47277.0,-0.092,1.7920000000000003,0.4095000000000001,0.6923999999999999,0.6917,0.0014409221902016434,0.0028818443804035088,0.046109510086455474,0.19654236359746236,-0.1005838695961977
2021-10-25,0.695,0.695,0.695,0.687,15896,2196098.0,1.15,0.14,0.001,0.14,0.0014409221902016434,0.012379718894888828,46550.4,0.014000000000000007,1.7295000000000003,0.4035,0.6935999999999999,0.6912999999999999,0.004316546762589857,0.020143884892086295,0.03309352517985609,0.6175550974368529,-0.018499974333692548
2021-10-26,0.692,0.698,0.702,0.692,22837,3187451.0,1.44,0.43,0.003,0.2,0.0057636887608070175,0.012414635753416278,45662.3,0.03550000000000001,1.6934999999999998,0.396,0.6935999999999999,0.6929000000000001,-0.01719197707736375,0.014326647564469885,0.044412607449856756,1.0208878512658854,0.37802751312269645
2021-10-27,0.699,0.686,0.699,0.685,40279,5550021.0,2.01,-1.72,-0.012,0.35,-0.00867052023121373,0.013009485805164058,44977.9,-0.03599999999999999,1.7145,0.39,0.692,0.6926,-0.005830903790087438,0.03790087463556846,0.07288629737609309,0.05784353965031963,-0.025557641856720048
2021-10-28,0.686,0.682,0.69,0.68,33919,4644007.0,1.46,-0.58,-0.004,0.29,-0.03262411347517713,0.01224531435430889,44092.2,-0.15899999999999997,1.6934999999999998,0.382,0.6910000000000001,0.692,0.020527859237536417,0.055718475073313734,0.09237536656891487,-0.13481305451687953,-0.12771081397021378
2021-10-29,0.684,0.696,0.698,0.684,53723,7438589.0,2.05,2.05,0.014,0.46,-0.007132667617689048,0.013152883407313694,45107.8,-0.028000000000000004,1.732,0.3905,0.6914,0.6919000000000001,0.018678160919540332,0.0431034482758621,0.08045977011494254,-0.46842556681037806,-0.2929890314122302
2021-11-01,0.696,0.709,0.71,0.696,69552,9812476.0,2.01,1.87,0.013,0.6,0.017216642754662947,0.013740040302282739,46910.85,0.094,1.6969999999999998,0.406,0.6942,0.6939,-0.0014104372355430161,0.012693935119887145,0.060648801128349916,-0.4452740342481116,-0.3750562021724396
2021-11-02,0.709,0.708,0.718,0.703,120463,17160672.0,2.12,-0.14,-0.001,1.04,0.015781922525107683,0.013748756066529175,48001.25,0.08700000000000001,1.7025,0.41550000000000004,0.6961999999999999,0.6949,0.005649717514124353,0.029661016949152463,0.04661016949152552,-0.3779462602259267,-0.17324830297750082
2021-11-03,0.71,0.712,0.718,0.705,101945,14497647.0,1.84,0.56,0.004,0.88,0.0470588235294116,0.01242024676335597,49708.8,0.23699999999999996,1.6655000000000002,0.43,0.7014,0.6967,0.011235955056179803,0.03370786516853941,0.050561797752809,-0.13029729345962682,-0.14854297139346084
2021-11-04,0.712,0.72,0.72,0.712,93370,13407745.0,1.12,1.12,0.008,0.81,0.04347826086956519,0.012262166112667845,51622.55,0.21950000000000003,1.6335000000000002,0.4465,0.709,0.7,0.008333333333333304,0.03472222222222232,0.023611111111111027,0.13701924817432132,0.025457490647545766
2021-11-05,0.721,0.726,0.731,0.716,135020,19628596.0,2.08,0.83,0.006,1.17,0.03566333808844502,0.011926882760001537,56417.35,0.18150000000000002,1.6504999999999999,0.488,0.7150000000000001,0.7031999999999999,-0.011019283746556474,0.03581267217630857,0.026170798898071723,0.41228661688985513,0.04810974010801772
2021-11-08,0.725,0.718,0.726,0.711,71057,10197840.0,2.07,-1.1,-0.008,0.61,0.027181688125894166,0.012231230384829572,58858.7,0.14100000000000001,1.704,0.509,0.7167999999999999,0.7055,0.01532033426183843,0.0473537604456824,0.06128133704735372,-0.35747954036369367,1.4783782382732369e-05
2021-11-09,0.718,0.729,0.731,0.716,67431,9764594.0,2.09,1.53,0.011,0.58,0.06891495601173014,0.010990641585332339,59648.2,0.339,1.6509999999999998,0.5155000000000001,0.7209999999999999,0.7085999999999999,0.009602194787379892,0.016460905349794164,0.03840877914952001,0.09268635694203864,-0.03629980519621745
2021-11-10,0.729,0.736,0.736,0.726,96425,14114532.0,1.37,0.96,0.007,0.83,0.06821480406386082,0.010969851236685108,62842.5,0.3355,1.6460000000000001,0.5429999999999999,0.7258,0.7135999999999999,0.012228260869565188,0.016304347826086918,0.02717391304347827,0.07681928721796183,0.18200934899298438
2021-11-11,0.732,0.745,0.749,0.73,89904,13341349.0,2.58,1.22,0.009,0.78,0.08284883720930236,0.011079857304686754,65921.6,0.404,1.7315,0.5700000000000001,0.7308,0.7199,0.00939597315436247,-0.010738255033557076,0.008053691275167862,0.16747183665771148,0.28562402480619387
2021-11-12,0.743,0.752,0.752,0.74,102418,15303750.0,1.61,0.94,0.007,0.88,0.0789096126255382,0.010951582003646074,69775.55,0.38550000000000006,1.725,0.603,0.736,0.7254999999999999,0.0,-0.009308510638297851,-0.009308510638297851,0.19657040939071857,0.4092404792627846
2021-11-15,0.749,0.752,0.756,0.749,89264,13423524.0,0.93,0.0,0.0,0.77,0.09143686502177073,0.010391882393820003,68584.25,0.44300000000000006,1.671,0.5925,0.7427999999999999,0.7298,-0.0146276595744681,0.013297872340425565,-0.010638297872340385,1.9193915565792112,0.5198640408848516
2021-11-16,0.75,0.741,0.755,0.741,156200,23350998.0,1.86,-1.46,-0.011,1.35,0.06160458452722062,0.011008322053044868,72925.85,0.3045,1.706,0.6300000000000001,0.7452,0.7331,0.009446693657219951,0.021592442645074206,0.01754385964912286,0.35044547807468374,0.16708391736457617
2021-11-17,0.743,0.748,0.749,0.739,91615,13647440.0,1.35,0.94,0.007,0.79,0.0778097982708934,0.010893619591983853,75661.4,0.38,1.709,0.6535,0.7476,0.7367,-0.014705882352941235,0.010695187165775444,0.013368983957219305,0.3404983535373618,0.13162343289206757
2021-11-18,0.748,0.737,0.75,0.736,66755,9858435.0,1.87,-1.47,-0.011,0.58,0.0727802037845704,0.011247003745899776,76826.5,0.357,1.7305,0.6635,0.7460000000000001,0.7384000000000001,0.01085481682496603,0.01899592944369055,0.012211668928086894,0.05626652673951815,0.007464692409383966
2021-11-19,0.734,0.745,0.747,0.734,40146,5961471.0,1.76,1.09,0.008,0.35,0.07348703170028825,0.011268556800462768,77910.95,0.3605,1.7385000000000002,0.6729999999999999,0.7445999999999999,0.7403000000000001,0.02281879194630876,0.0,0.01342281879194629,0.04107719307517499,0.002819564417132492
2021-11-22,0.745,0.762,0.762,0.743,63052,9553613.0,2.55,2.28,0.017,0.54,0.09640287769784184,0.012039307989308572,80268.75,0.46749999999999997,1.8085,0.6930000000000001,0.7466,0.7447,-0.006561679790026198,-0.023622047244094557,-0.02493438320209973,-0.8095607065392803,-0.16358285768063596
2021-11-23,0.762,0.757,0.762,0.755,115358,17481658.0,0.92,-0.66,-0.005,1.0,0.08452722063037266,0.01229956085233442,84894.8,0.413,1.7825,0.733,0.7498,0.7474999999999999,-0.0013210039630119352,-0.003963011889035695,-0.029062087186261576,-0.4308118227989435,-0.14937569764324055
2021-11-24,0.756,0.756,0.762,0.755,36582,5546805.0,0.92,-0.13,-0.001,0.32,0.1020408163265305,0.011324329019358502,84709.95,0.4925,1.7280000000000002,0.7315,0.7514,0.7495,-0.006613756613756627,0.002645502645502562,0.001322751322751392,-0.3984778376551211,0.2039424420995719
2021-11-25,0.755,0.751,0.76,0.751,100172,15132577.0,1.19,-0.66,-0.005,0.87,0.10117302052785915,0.01136476536363841,88022.6,0.4885,1.7145,0.7605000000000001,0.7542,0.7501,-0.007989347536617841,-0.0066577896138482195,0.018641810918774926,-0.11071148022455546,0.23023086358985467
2021-11-26,0.751,0.745,0.752,0.741,42422,6316991.0,1.46,-0.8,-0.006,0.37,0.07040229885057481,0.011085233666344224,87457.55,0.346,1.685,0.756,0.7542,0.7494000000000001,-0.0013422818791946067,0.01342281879194629,0.021476510067114152,-0.0800683940329241,0.22680516524381655
2021-11-29,0.736,0.744,0.745,0.733,60580,8986042.0,1.61,-0.13,-0.001,0.52,0.04936530324400579,0.010529219706131982,87008.95,0.24599999999999994,1.6649999999999998,0.752,0.7506,0.7485999999999999,0.013440860215053752,-0.0013440860215053752,0.026881720430107503,3.594482383293937,0.22320286156197677
2021-11-30,0.745,0.754,0.757,0.744,58585,8808785.0,1.75,1.34,0.01,0.51,0.0649717514124295,0.010762642847927868,83915.05,0.32,1.6465,0.7255,0.75,0.7499,0.0053050397877985045,-0.025198938992042508,0.021220159151193574,0.5191819895343284,0.2205905634418046
2021-12-01,0.755,0.758,0.759,0.753,18617,2815489.0,0.8,0.53,0.004,0.16,0.06460674157303381,0.010758801318437773,79748.65,0.31849999999999995,1.5944999999999998,0.6895,0.7504,0.7509,-0.0158311345646438,-0.0013192612137202797,0.006596306068601621,1.290201480293665,0.276816720571331
2021-12-02,0.759,0.746,0.759,0.746,32548,4895876.0,1.72,-1.58,-0.012,0.28,0.036111111111111205,0.01137800923205688,76707.55,0.1835,1.6245,0.663,0.7494,0.7518,0.012064343163538993,0.025469168900804418,0.02144772117962468,0.6385069081114207,0.1596431763376276
2021-12-03,0.746,0.755,0.758,0.746,32158,4846829.0,1.61,1.21,0.009,0.28,0.039944903581267344,0.01151983439576275,71564.45,0.20249999999999999,1.6009999999999998,0.6185,0.7514,0.7527999999999999,-0.015894039735099397,0.007947019867549754,-0.007947019867549643,0.5614263574223743,0.2119351944856378
2021-12-06,0.754,0.743,0.755,0.743,33687,5039240.0,1.59,-1.59,-0.012,0.29,0.03481894150417841,0.011856951467760517,69695.95,0.178,1.577,0.6025,0.7512000000000001,0.7509,-0.010767160161507361,0.02826379542395685,-0.009421265141319024,0.08241544049551819,0.41287813235571513
2021-12-07,0.745,0.735,0.749,0.731,372161,54720334.0,2.42,-1.08,-0.008,3.21,0.008230452674897082,0.01172311402852364,84932.45,0.047499999999999966,1.5935,0.734,0.7474000000000001,0.7487,0.029931972789115635,0.04761904761904767,0.010884353741496655,0.0018503324582763714,0.3652424752235237
2021-12-08,0.736,0.757,0.757,0.735,389052,58362752.0,2.99,2.99,0.022,3.36,0.028532608695652106,0.013327717574539594,99563.8,0.14899999999999997,1.6745,0.8605,0.7472,0.7488,0.010568031704095038,0.00792602377807139,-0.005284015852047519,-0.5850385676271144,-0.233501996700766
2021-12-09,0.759,0.765,0.768,0.757,97957,14967028.0,1.45,1.06,0.008,0.85,0.02684563758389258,0.013262335074321242,99966.45,0.14099999999999996,1.6179999999999999,0.8639999999999999,0.751,0.7502,-0.005228758169934622,-0.0039215686274509665,-0.010457516339869244,-0.6338893399897084,-0.26978996306636394
2021-12-10,0.764,0.761,0.765,0.758,28360,4320554.0,0.92,-0.52,-0.004,0.24,0.01196808510638303,0.013201802508614106,96263.55,0.06799999999999998,1.5835000000000001,0.8320000000000001,0.7522,0.7518,0.003942181340341744,-0.015768725361366642,-0.009198423127463884,-0.4609263664332346,-0.2641098241578007
2021-12-13,0.761,0.764,0.769,0.76,39898,6112611.0,1.18,0.39,0.003,0.34,0.015957446808510634,0.01322057238114374,93795.25,0.08749999999999998,1.596,0.8105,0.7564,0.7538,0.007853403141361293,-0.03664921465968585,-0.01832460732984298,-0.31960353919675466,-0.26593987949013786
2021-12-14,0.764,0.77,0.771,0.763,55839,8586332.0,1.05,0.79,0.006,0.48,0.03913630229419707,0.012781576616495902,88777.2,0.19999999999999998,1.5555,0.767,0.7634000000000001,0.7554000000000001,-0.00909090909090915,-0.03506493506493513,-0.023376623376623384,-0.12030314232583939,-0.2757854895579259
2021-12-15,0.77,0.763,0.772,0.761,83994,12898134.0,1.43,-0.91,-0.007,0.73,0.020053475935828846,0.01288476171571652,88396.15,0.10749999999999997,1.5595,0.764,0.7646000000000001,0.7558999999999999,-0.001310615989515096,-0.013106159895150737,-0.02490170380078638,0.7068701884494855,-0.2856492311856812
2021-12-16,0.765,0.762,0.769,0.762,35221,5385802.0,0.92,-0.13,-0.001,0.3,0.03392130257801895,0.012358881227197163,86819.45,0.17449999999999996,1.512,0.75,0.764,0.7575000000000001,-0.017060367454068248,-0.006561679790026198,-0.007874015748031482,1.180927493373757,-0.11177965849764115
2021-12-17,0.76,0.749,0.77,0.748,58510,8822484.0,2.89,-1.71,-0.013,0.51,0.005369127516778427,0.012842340086926427,87737.65,0.034499999999999975,1.5685,0.758,0.7615999999999999,0.7569,-0.01735647530040052,0.006675567423231055,0.014686248331108098,0.226517019059157,-0.25388281698764137
2021-12-20,0.747,0.736,0.751,0.733,20307,3010957.0,2.4,-1.74,-0.013,0.18,-0.034120734908136496,0.012271514066248686,85600.4,-0.1665,1.561,0.74,0.756,0.7562,0.009510869565217295,0.01902173913043481,0.032608695652173836,-0.23612920469714294,-0.4161998084980465
2021-12-21,0.732,0.743,0.744,0.732,22532,3331541.0,1.63,0.95,0.007,0.19,-0.018494055482166427,0.012458680712052599,80959.1,-0.08600000000000001,1.5965,0.6995,0.7505999999999999,0.757,0.013458950201884257,0.01211305518169592,-0.0053835800807536804,-0.3325098541818896,-0.12662238452180163
2021-12-22,0.743,0.753,0.758,0.743,29352,4412694.0,2.02,1.35,0.01,0.25,-0.003968253968253954,0.012861687694144102,80597.6,-0.01200000000000001,1.6515,0.696,0.7485999999999999,0.7565999999999999,0.005312084993359889,-0.01195219123505975,-0.027888446215139417,-0.5564461439477927,0.04014678748512379
2021-12-23,0.752,0.757,0.758,0.752,13598,2053678.0,0.8,0.53,0.004,0.12,0.007989347536617952,0.012821190414650605,76268.9,0.047499999999999994,1.6320000000000001,0.6585,0.7476,0.7558,-0.003963011889035695,-0.0013210039630119352,-0.04623513870541618,-0.3076471446715908,0.09108787867490631
2021-12-24,0.756,0.754,0.769,0.749,187829,28314554.0,2.64,-0.4,-0.003,1.62,0.012080536912751683,0.012712424606299462,83539.25,0.0675,1.691,0.7210000000000001,0.7485999999999999,0.7551,-0.0053050397877983935,0.007957559681697646,-0.034482758620689724,-0.1649635064577275,0.1595771714381402
2021-12-27,0.755,0.75,0.755,0.745,460503,68975396.0,1.33,-0.53,-0.004,3.98,0.008064516129032251,0.012776278096963564,103535.4,0.047499999999999994,1.6770000000000003,0.8939999999999999,0.7514000000000001,0.7537,0.002666666666666595,0.01333333333333342,-0.05066666666666675,0.17123684437757802,0.28759322244559105
2021-12-28,0.751,0.752,0.754,0.749,49359,7416180.0,0.67,0.27,0.002,0.43,-0.0026525198938992522,0.012423247527045399,103074.1,-0.0060000000000000105,1.623,0.89,0.7532,0.7519,-0.010638297872340385,-0.017287234042553168,-0.042553191489361764,1.1915501331185565,0.4112300962090152
2021-12-29,0.752,0.744,0.752,0.741,29992,4463471.0,1.46,-1.06,-0.008,0.26,-0.01846965699208447,0.012571524532121852,103642.85,-0.08550000000000002,1.6560000000000001,0.8950000000000001,0.7514000000000001,0.75,0.016129032258064502,-0.016129032258064502,-0.045698924731182866,1.581419038130976,0.4130178215645528
2021-12-30,0.744,0.756,0.761,0.743,59267,8948234.0,2.42,1.61,0.012,0.51,0.013404825737265424,0.01259916604651712,104978.8,0.07399999999999998,1.691,0.9065,0.7512,0.7494,0.005291005291005346,-0.044973544973545,-0.05687830687830697,0.2421674456973928,0.11344867939109382
2021-12-31,0.756,0.76,0.76,0.752,70871,10729312.0,1.06,0.53,0.004,0.61,0.0066225165562914245,0.012367685389896922,106914.45,0.039999999999999994,1.6635000000000002,0.9229999999999998,0.7524,0.7505,0.0,-0.04210526315789476,-0.03157894736842104,0.32968879725355893,0.6705416090838285
2022-01-04,0.76,0.76,0.765,0.752,29725,4505239.0,1.71,0.0,0.0,0.26,0.02288021534320328,0.011761193389731925,106716.35,0.11949999999999998,1.6695,0.9215,0.7544,0.7529000000000001,-0.02763157894736845,-0.06315789473684219,-0.022368421052631593,0.4303872860524838,1.1593575449046654
2022-01-05,0.76,0.739,0.76,0.735,52982,7871703.0,3.29,-2.76,-0.021,0.46,0.0054421768707482165,0.0131827621522065,90757.4,0.0355,1.7129999999999999,0.784,0.7518,0.7525000000000001,-0.009472259810554773,-0.02571041948579167,-0.008119079837618393,-0.1376559199184466,0.3182676246437297
2022-01-06,0.736,0.732,0.737,0.725,28653,4192030.0,1.62,-0.95,-0.007,0.25,-0.03302509907529727,0.011346179501472743,72737.45,-0.16150000000000003,1.6445,0.6285000000000001,0.7494,0.7504,-0.013661202185792365,-0.030054644808743203,-0.0095628415300546,-0.10334931295194538,0.4100098492124291
2022-01-07,0.732,0.722,0.739,0.722,47052,6877610.0,2.32,-1.37,-0.01,0.41,-0.05620915032679741,0.011270014113096407,70192.2,-0.28300000000000003,1.688,0.6064999999999999,0.7426,0.7469,0.008310249307479145,-0.012465373961218829,-0.011080332409972304,0.14637863469241075,0.411609699270288
2022-01-10,0.719,0.728,0.733,0.711,35371,5103964.0,3.05,0.83,0.006,0.31,-0.043363994743758294,0.011522004530711965,70542.75,-0.21550000000000002,1.7945,0.61,0.7362,0.7443,-0.02197802197802201,0.01098901098901095,-0.01098901098901095,0.5647594774583415,0.3344766543935451
2022-01-11,0.728,0.712,0.729,0.711,23742,3396513.0,2.47,-2.2,-0.016,0.21,-0.0680628272251309,0.012236224083334869,69734.95,-0.34500000000000003,1.859,0.6035,0.7266,0.7404999999999999,0.011235955056179803,0.0435393258426966,-0.022471910112359605,0.19758801169427054,0.3422369324598167
2022-01-12,0.718,0.72,0.721,0.714,14350,2055979.0,0.98,1.12,0.008,0.12,-0.06493506493506496,0.012422591635539076,67660.5,-0.3285,1.8555,0.5854999999999999,0.7228,0.7373000000000001,-0.01388888888888895,0.01805555555555549,-0.029166666666666674,0.3281137544778656,0.24238635072954362
2022-01-13,0.722,0.71,0.725,0.709,22300,3182068.0,2.22,-1.39,-0.01,0.19,-0.06946264744429886,0.01258601619753061,64575.8,-0.3525,1.8950000000000002,0.5585,0.7183999999999999,0.7339,0.004225352112676051,0.021126760563380254,-0.05211267605633796,0.24252773151593998,0.4173968850031229
2022-01-14,0.707,0.713,0.718,0.706,20342,2904677.0,1.69,0.42,0.003,0.18,-0.06430446194225725,0.012697488084682981,63831.85,-0.325,1.9335,0.5525,0.7165999999999999,0.7296,0.032258064516129004,0.0014025245441795509,-0.061711079943898905,0.3896753314836694,0.5493437260114931
2022-01-17,0.714,0.736,0.738,0.714,62753,9175552.0,3.37,3.23,0.023,0.54,-0.01735647530040052,0.014529219892829189,64044.0,-0.07800000000000004,1.9575,0.554,0.7182,0.7272000000000001,0.009510869565217295,-0.021739130434782594,-0.09374999999999989,-0.4287724273740926,-0.1033162680256765
2022-01-18,0.736,0.743,0.754,0.735,135107,20195535.0,2.58,0.95,0.007,1.17,0.009510869565217295,0.014152586119700081,69784.0,0.056499999999999974,1.9665,0.6035,0.7243999999999999,0.7254999999999999,-0.013458950201884257,-0.06325706594885605,-0.10901749663526239,-0.1020499385170357,-0.2020713697866664
2022-01-19,0.736,0.733,0.741,0.729,28081,4119258.0,1.62,-1.35,-0.01,0.24,-0.013458950201884257,0.014319737522854058,70061.45,-0.05850000000000003,1.966,0.606,0.7270000000000001,0.7249,-0.010914051841746208,-0.04638472032742158,-0.08321964529331505,-0.12477415995664831,0.012582959469083388
2022-01-20,0.733,0.725,0.735,0.725,13749,2003178.0,1.36,-1.09,-0.008,0.12,-0.037184594953519334,0.014097486710837858,69281.3,-0.18050000000000002,1.9330000000000003,0.5994999999999999,0.7299999999999999,0.7242,-0.015172413793103412,-0.07172413793103438,-0.07862068965517233,0.1357176312354118,0.006748717101180857
2022-01-21,0.732,0.714,0.732,0.714,26819,3859105.0,2.48,-1.52,-0.011,0.23,-0.05680317040951133,0.014296410611418717,69942.35,-0.28300000000000003,2.017,0.605,0.7302,0.7234,0.008403361344537785,-0.0630252100840335,-0.08403361344537807,0.04292531190976567,0.02061807331131682
2022-01-24,0.713,0.72,0.724,0.712,14924,2143164.0,1.68,0.84,0.006,0.13,-0.04509283819628651,0.01451032422489052,61297.1,-0.22100000000000003,1.9689999999999999,0.5305000000000001,0.727,0.7226,-0.033333333333333326,-0.07361111111111107,-0.09722222222222221,0.5453240927009746,-0.040146714884421786
2022-01-25,0.719,0.696,0.721,0.696,33319,4705459.0,3.47,-3.33,-0.024,0.29,-0.07200000000000006,0.016092744214526923,39937.9,-0.36100000000000004,2.076,0.346,0.7176,0.7209999999999999,0.004310344827586299,-0.048850574712643535,-0.04310344827586199,0.07412275427799564,-0.07772101844541435
2022-01-26,0.7,0.699,0.709,0.69,57248,7977934.0,2.73,0.43,0.003,0.49,-0.07047872340425543,0.01613061609941705,40332.35,-0.3530000000000001,2.179,0.349,0.7108,0.7188999999999999,-0.03719599427753917,-0.03862660944205998,-0.0486409155937052,0.1275391712085352,-0.06847441850178004
2022-01-27,0.699,0.673,0.699,0.673,138887,18885349.0,3.72,-3.72,-0.026,1.2,-0.09543010752688164,0.017758136824041787,45777.1,-0.48600000000000004,2.292,0.396,0.7003999999999999,0.7152,-0.005943536404160454,-0.007429420505200568,-0.013372956909361133,-0.5503868194174797,-0.401010107660529
2022-01-28,0.675,0.669,0.682,0.668,62630,8462103.0,2.08,-0.59,-0.004,0.54,-0.115079365079365,0.01705767539703508,45945.25,-0.596,2.275,0.3975,0.6914,0.7108,-0.002989536621823663,-0.022421524663677195,-0.005979073243647215,-0.39156639722073905,-0.39774635946779724
2022-02-07,0.676,0.667,0.681,0.665,29319,3933198.0,2.39,-0.3,-0.002,0.25,-0.12236842105263157,0.016869795982869855,43867.65,-0.6375000000000001,2.3415,0.3795,0.6808,0.7039,-0.007496251874062998,-0.02548725637181415,0.007496251874062887,-0.3164170542518122,-0.19104820249481447
2022-02-08,0.667,0.662,0.667,0.65,84828,11147676.0,2.55,-0.75,-0.005,0.73,-0.1289473684210526,0.016803982897502345,46622.8,-0.675,2.3835,0.403,0.674,0.6958,0.015105740181268867,0.0060422960725075026,0.0030211480362538623,0.14713558756230527,-0.08596524583389276
2022-02-09,0.662,0.672,0.673,0.66,27488,3661848.0,1.96,1.51,0.01,0.24,-0.09066305818673881,0.01672518907989603,45348.1,-0.4615,2.317,0.392,0.6686,0.6897,-0.005952380952380931,-0.01041666666666663,0.023809523809523725,-0.11819958686597054,0.016913465626958724
2022-02-10,0.673,0.668,0.674,0.664,34831,4650850.0,1.49,-0.6,-0.004,0.3,-0.08743169398907091,0.0166897832763044,45657.0,-0.44400000000000006,2.3105,0.39449999999999996,0.6676,0.6839999999999999,-0.020958083832335328,-0.005988023952095856,0.007485029940119681,0.7488429733369828,0.10884957446493648
2022-02-11,0.666,0.654,0.668,0.653,266073,35046572.0,2.25,-2.1,-0.014,2.3,-0.09418282548476442,0.016979415895325794,56608.05,-0.48050000000000004,2.307,0.489,0.6646,0.678,-0.006116207951070374,0.01681957186544336,0.033639143730886945,-0.05878929615538131,-0.011573966122562118
2022-02-14,0.651,0.65,0.66,0.647,41154,5372862.0,1.99,-0.61,-0.004,0.36,-0.1071428571428571,0.016697417999673635,56897.2,-0.5525,2.254,0.4915,0.6612,0.671,0.024615384615384706,0.03384615384615386,0.041538461538461524,-0.13683180356352342,0.03151601130946147
2022-02-15,0.652,0.666,0.666,0.652,76252,10088610.0,2.15,2.46,0.016,0.66,-0.06460674157303359,0.017510533339761325,59522.7,-0.3195,2.238,0.514,0.6620000000000001,0.668,-0.0015015015015015232,-0.0030030030030030463,0.016516516516516422,-0.5610472930429583,-0.12696130498982383
2022-02-16,0.67,0.665,0.672,0.663,34655,4621279.0,1.35,-0.15,-0.001,0.3,-0.07638888888888884,0.01718696778130667,60537.95,-0.38300000000000006,2.2565,0.5229999999999999,0.6606000000000001,0.6646000000000001,-0.0015037593984962294,0.03458646616541339,0.007518796992481258,0.09585950893540529,-0.08806206308049536
2022-02-17,0.665,0.664,0.671,0.66,36823,4901096.0,1.65,-0.15,-0.001,0.32,-0.06478873239436611,0.017027643476906475,61264.1,-0.32100000000000006,2.2279999999999998,0.5295,0.6598,0.6637000000000001,0.001506024096385561,0.013554216867469826,-0.009036144578313254,0.3583221005445876,0.3146991707062887
2022-02-18,0.66,0.665,0.666,0.659,111652,14808569.0,1.05,0.15,0.001,0.96,-0.067321178120617,0.016975964760155643,65829.6,-0.3345,2.196,0.5685,0.6620000000000001,0.6633,0.010526315789473717,0.016541353383458635,-0.009022556390977488,0.8345530570696553,0.32379986216156853
2022-02-21,0.669,0.672,0.673,0.665,45645,6110864.0,1.2,1.05,0.007,0.39,-0.08695652173913038,0.015177660726224763,64974.2,-0.44350000000000006,2.0875,0.5609999999999999,0.6664,0.6638000000000001,-0.011904761904761862,0.007440476190476275,-0.06398809523809534,0.9711087119348829,0.633943921358264
2022-02-22,0.669,0.664,0.669,0.657,96905,12816111.0,1.79,-1.19,-0.008,0.84,-0.1063257065948855,0.014895335022095965,63064.1,-0.5505000000000001,2.048,0.5445,0.666,0.664,0.036144578313252795,0.01957831325301207,-0.06475903614457834,1.5849078432703627,0.588883318403375
2022-02-23,0.664,0.688,0.688,0.664,222120,30326670.0,3.61,3.61,0.024,1.92,-0.06139154160982274,0.01741644508357244,72766.05,-0.3025000000000001,2.1475,0.6285,0.6706,0.6656,-0.021802325581395166,-0.026162790697674243,-0.10465116279069764,-0.40560590260442997,-0.11778178319978116
2022-02-24,0.687,0.673,0.688,0.663,44197,5974211.0,3.63,-2.18,-0.015,0.38,-0.07172413793103438,0.01784123431639613,74288.45,-0.35700000000000004,2.261,0.6415,0.6724,0.6660999999999999,0.004457652303120341,-0.022288261515601815,-0.0728083209509659,-0.581007758713572,-0.12770234152373694
2022-02-25,0.676,0.676,0.685,0.675,28362,3856871.0,1.49,0.45,0.003,0.24,-0.053221288515406084,0.017708406173205196,74365.6,-0.25850000000000006,2.2115,0.642,0.6746000000000001,0.6683,0.0014792899408284654,-0.025147928994082913,-0.07396449704142016,-0.609061023355915,-0.048245825132714804
2022-02-28,0.679,0.677,0.682,0.671,22143,2988849.0,1.63,0.15,0.001,0.19,-0.05972222222222212,0.017549317319187463,74726.55,-0.29300000000000004,2.209,0.645,0.6756,0.671,0.0,-0.07090103397341219,-0.10192023633678005,-0.13110317947517047,0.025229555084399724
2022-03-01,0.678,0.677,0.68,0.673,105483,14297455.0,1.03,0.0,0.0,0.91,-0.027298850574712485,0.01602645845388236,78334.75,-0.12650000000000003,2.0869999999999997,0.6759999999999999,0.6782,0.6721,-0.010339734121122657,-0.08271787296898081,-0.13884785819793222,-0.158154745937922,0.2689188553091093
2022-03-02,0.677,0.67,0.677,0.667,34109,4567868.0,1.48,-1.03,-0.007,0.29,-0.04148783977110149,0.016093074320009976,77177.8,-0.19950000000000007,2.0245,0.6659999999999999,0.6746000000000001,0.6726,-0.017910447761193993,-0.08059701492537319,-0.09701492537313439,0.6392001546751422,0.6342001940991828
2022-03-03,0.672,0.658,0.675,0.657,125372,16591700.0,2.69,-1.79,-0.012,1.08,-0.022288261515601815,0.014356896437828788,76502.05,-0.10300000000000002,1.973,0.6599999999999999,0.6716000000000001,0.672,0.001519756838905817,-0.05167173252279644,-0.06382978723404265,1.3498322587276181,0.6015117646843342
2022-03-04,0.655,0.659,0.662,0.65,38332,5023385.0,1.82,0.15,0.001,0.33,-0.014947683109118093,0.014319383497559117,75287.15,-0.06600000000000004,1.9599999999999997,0.6495,0.6682,0.6714,-0.04552352048558428,-0.050075872534142696,-0.06676783004552356,1.546637490051932,0.596451539122743
2022-03-07,0.651,0.629,0.651,0.625,204496,25870519.0,3.95,-4.55,-0.03,1.77,-0.05697151424287861,0.017491413055007562,84046.0,-0.2785,2.0380000000000003,0.7255,0.6586000000000001,0.6671,-0.012718600953895098,-0.03338632750397463,-0.01748807631160576,-0.16772602955814764,0.07639285722720257
2022-03-08,0.629,0.621,0.635,0.615,403909,50832383.0,3.18,-1.27,-0.008,3.49,-0.06193353474320251,0.017604099209720146,100000.05,-0.3045000000000001,2.0695,0.8634999999999999,0.6474,0.6628000000000001,-0.008051529790660261,-0.06119162640901776,-0.011272141706924366,0.2800381463743713,0.06302877008501895
2022-03-09,0.621,0.616,0.629,0.591,429222,52834266.0,6.12,-0.81,-0.005,3.71,-0.08333333333333337,0.017101922196313166,120086.75,-0.4205,2.2775,1.037,0.6366,0.6556000000000001,0.012987012987013102,-0.017857142857142905,0.0,0.8009431592133522,0.4898185215506283
2022-03-10,0.625,0.624,0.634,0.622,413768,51932323.0,1.95,1.3,0.008,3.57,-0.06586826347305397,0.017519148579279952,139033.6,-0.32550000000000007,2.3005000000000004,1.2005000000000001,0.6298,0.6507000000000001,0.0032051282051281937,-0.012820512820512886,-0.03525641025641024,0.4841777893224899,0.41790332203768266
2022-03-11,0.616,0.626,0.627,0.606,72054,8858073.0,3.37,0.32,0.002,0.62,-0.042813455657492394,0.017061218596690696,129332.65,-0.20450000000000007,2.3565,1.1165,0.6232,0.6457,-0.028753993610223683,-0.01757188498402562,-0.04632587859424919,0.4624928616686379,0.42172413402139597
2022-03-14,0.62,0.608,0.624,0.608,96432,11931582.0,2.56,-2.88,-0.018,0.83,-0.06461538461538463,0.018066718199859257,132096.55,-0.31800000000000006,2.3850000000000002,1.1400000000000001,0.619,0.6388,-0.04111842105263164,0.016447368421052655,-0.0296052631578948,0.8364185564098903,0.261508615015992
2022-03-15,0.603,0.583,0.61,0.582,206074,24698674.0,4.61,-4.11,-0.025,1.78,-0.12462462462462476,0.018711967903683586,138587.65,-0.6465,2.508,1.1960000000000002,0.6113999999999999,0.6294000000000001,0.037735849056603765,0.053173241852487285,-0.006861063464837058,-0.20375810746208733,-0.058551397005226935
2022-03-16,0.59,0.605,0.605,0.571,122166,14298934.0,5.83,3.77,0.022,1.06,-0.09022556390977454,0.021156967875624166,142963.2,-0.45050000000000007,2.732,1.234,0.6092,0.6229,0.0181818181818183,0.0181818181818183,-0.01983471074380172,-0.7096376840555397,-0.40703967905312843
2022-03-17,0.613,0.616,0.624,0.611,71045,8783929.0,2.15,1.82,0.011,0.61,-0.07228915662650603,0.021753364820628077,144674.3,-0.3520000000000001,2.757,1.2485,0.6075999999999999,0.6186999999999999,-0.0016233766233766378,-0.022727272727272707,-0.05519480519480524,-0.659949392434921,-0.47285640363592063
2022-03-18,0.616,0.615,0.616,0.608,34801,4265534.0,1.3,-0.16,-0.001,0.3,-0.07518796992481214,0.021726556186825844,140831.75,-0.36750000000000005,2.7695,1.2155,0.6054,0.6143,0.004878048780487809,-0.029268292682926855,-0.05040650406504066,-0.6597411574510188,-0.461849411832008
2022-03-21,0.615,0.618,0.62,0.61,104180,12856295.0,1.63,0.49,0.003,0.9,-0.0803571428571429,0.021568371702000134,143758.5,-0.3955000000000001,2.791,1.241,0.6073999999999999,0.6132,-0.006472491909385147,-0.04530744336569581,-0.06957928802589008,-0.6781893775037602,-0.38028794192842297
2022-03-22,0.616,0.614,0.619,0.611,13762,1690525.0,1.29,-0.65,-0.004,0.12,-0.07530120481927716,0.021497115290533438,139601.35,-0.36850000000000005,2.766,1.2049999999999998,0.6136,0.6125,0.0032573289902280145,-0.05700325732899025,-0.08469055374592827,-0.43469256735393547,-0.33694622347524883
2022-03-23,0.616,0.616,0.617,0.61,26159,3211834.0,1.14,0.33,0.002,0.23,-0.10465116279069764,0.019450385176243232,129803.3,-0.5325,2.6425,1.1205,0.6158,0.6125,-0.022727272727272707,-0.037337662337662336,-0.09577922077922063,1.0041549590816081,-0.360242725921599
2022-03-24,0.617,0.602,0.617,0.601,33085,3995804.0,2.6,-2.27,-0.014,0.29,-0.10549777117384851,0.019492665067292265,129247.7,-0.5370000000000001,2.591,1.116,0.613,0.6103,-0.00830564784053156,-0.03322259136212624,-0.11794019933554811,0.6022682295946631,-0.20881472500706344
2022-03-25,0.605,0.597,0.608,0.595,43115,5167931.0,2.16,-0.83,-0.005,0.37,-0.11686390532544388,0.019362240143133546,129985.35,-0.6010000000000001,2.6245000000000003,1.1225,0.6094,0.6073999999999999,-0.011725293132328285,-0.021775544388609736,-0.09547738693467323,0.6517204434442223,-0.10881271696514616
2022-03-28,0.589,0.59,0.594,0.585,213318,25108365.0,1.51,-1.17,-0.007,1.84,-0.12850812407680956,0.019318323014243754,139544.1,-0.667,2.6185,1.205,0.6037999999999999,0.6056,-0.01864406779661021,-0.025423728813559365,-0.11016949152542366,0.9926269322762609,-0.013909182553128896
2022-03-29,0.59,0.579,0.592,0.577,55779,6519834.0,2.54,-1.86,-0.011,0.48,-0.14475627769571653,0.019428773195539352,137058.9,-0.76,2.694,1.1835,0.5968,0.6052,0.024179620034542326,-0.02936096718480119,-0.07599309153713285,0.9381797156003804,0.28448952358022117
2022-03-30,0.582,0.593,0.594,0.58,116515,13672379.0,2.42,2.42,0.014,1.01,-0.11492537313432849,0.0206670880666068,141179.2,-0.5875000000000001,2.741,1.2195,0.5922,0.604,-0.018549747048903886,-0.06070826306913979,-0.10623946037099485,-0.45179820302220497,0.3441503707219036
2022-03-31,0.59,0.582,0.593,0.582,260594,30467497.0,1.85,-1.85,-0.011,2.25,-0.11550151975683898,0.020687156594503122,147940.3,-0.5905000000000001,2.6990000000000003,1.278,0.5882,0.6005999999999999,0.0034364261168384758,-0.08762886597938135,-0.07044673539518886,0.049536516328478886,0.5885789130538175
2022-04-01,0.577,0.584,0.587,0.577,103904,12096151.0,1.72,0.34,0.002,0.9,-0.11380880121396064,0.020727802999360386,151218.9,-0.5810000000000001,2.694,1.3065,0.5856,0.5974999999999999,-0.015410958904109595,-0.07534246575342451,-0.08219178082191769,0.2599416783617401,0.5396276308449048
2022-04-06,0.581,0.575,0.581,0.572,138516,15935947.0,1.54,-1.54,-0.009,1.2,-0.0858505564387918,0.01868482472026202,147919.9,-0.43050000000000016,2.5735,1.278,0.5826,0.5932,-0.022608695652173716,-0.08695652173913038,-0.0765217391304347,0.2655309810420896,0.5442220920586576
2022-04-07,0.573,0.562,0.575,0.561,62390,7057685.0,2.43,-2.26,-0.013,0.54,-0.09500805152979053,0.01904639500088515,130843.95,-0.4800000000000001,2.536,1.1305,0.5791999999999999,0.588,-0.008896797153024938,-0.04804270462633453,-0.07473309608540935,0.4572697889187878,0.4506151095858717
2022-04-08,0.562,0.557,0.564,0.549,505863,56245232.0,2.67,-0.89,-0.005,4.37,-0.09577922077922063,0.01905491047968101,134676.0,-0.4840000000000001,2.3635,1.1635,0.572,0.5821,-0.04667863554757634,-0.04847396768402157,-0.08438061041292644,1.7930001292058217,0.5332083627233783
2022-04-11,0.557,0.531,0.557,0.529,290064,31223400.0,5.03,-4.67,-0.026,2.51,-0.14903846153846145,0.020713998430245597,128490.8,-0.7825000000000001,2.5174999999999996,1.1105,0.5618000000000001,0.575,0.016949152542372836,0.01883239171374762,-0.10922787193973649,0.15646724843741655,0.5243871103841768
2022-04-12,0.531,0.54,0.54,0.524,361913,38519761.0,3.01,1.69,0.009,3.13,-0.13738019169329063,0.02131859692449008,142983.75,-0.7140000000000001,2.4995000000000003,1.236,0.553,0.5693,-0.02777777777777779,-0.007407407407407418,-0.14814814814814814,-0.09662749521552538,0.2854252780694284
2022-04-13,0.538,0.525,0.538,0.525,224901,23857205.0,2.41,-2.78,-0.015,1.94,-0.13651315789473684,0.021267573424739457,149407.2,-0.7090000000000001,2.492,1.2914999999999999,0.543,0.5628,0.01904761904761898,0.011428571428571344,-0.08571428571428574,-0.3240322746769527,0.4937137540017633
2022-04-14,0.53,0.535,0.54,0.526,89054,9476520.0,2.67,1.9,0.01,0.77,-0.08233276157804448,0.020441000624505868,143556.2,-0.4085,2.395,1.241,0.5376000000000001,0.5584,-0.009345794392523366,-0.028037383177570097,-0.1102803738317758,-0.4537248179595962,0.3099516541671312
2022-04-15,0.53,0.53,0.534,0.525,167446,17698184.0,1.68,-0.93,-0.005,1.45,-0.12396694214876025,0.0179274203874227,145820.2,-0.6435000000000001,2.1875,1.2605,0.5322,0.5521,0.020754716981132182,-0.037735849056603765,-0.060377358490566135,-0.4120243424562712,0.7479358046097286
2022-04-18,0.529,0.541,0.543,0.526,224842,23983788.0,3.21,2.08,0.011,1.94,-0.12175324675324672,0.018121596226296607,153510.05,-0.6305000000000002,2.2405,1.327,0.5342,0.548,-0.009242144177449174,-0.12569316081330884,-0.08133086876155271,0.22583757072488253,0.5315049997080792
2022-04-19,0.541,0.536,0.544,0.533,49122,5284363.0,2.03,-0.92,-0.005,0.42,-0.1284552845528455,0.018097884445930575,154226.1,-0.6685000000000001,2.277,1.333,0.5334,0.5432,-0.009328358208955279,-0.14179104477611937,-0.09141791044776126,0.18933278073816306,0.5627706303091469
2022-04-20,0.536,0.531,0.54,0.529,112603,12071052.0,2.05,-0.93,-0.005,0.97,-0.14077669902912615,0.017897468229061478,154647.25,-0.7395000000000002,2.298,1.3364999999999998,0.5346,0.5388000000000001,-0.020715630885122405,-0.09604519774011311,-0.0866290018832393,1.5841789567879219,0.57396451515019
2022-04-21,0.526,0.52,0.534,0.518,128478,13469378.0,3.01,-2.07,-0.011,1.11,-0.15309446254071657,0.01814016176726466,160383.05,-0.8105,2.384,1.386,0.5316,0.5346,-0.019230769230769273,-0.08461538461538465,-0.04615384615384621,1.6814611411261104,0.6303672720773559
2022-04-22,0.515,0.51,0.517,0.506,529780,54165284.0,2.12,-1.92,-0.01,4.58,-0.17207792207792205,0.018094949534326953,185564.1,-0.923,2.4330000000000003,1.6035,0.5276000000000001,0.5298999999999999,-0.07254901960784321,-0.02352941176470591,-0.00588235294117645,1.9988605102453136,0.6277574810968582
2022-04-25,0.507,0.473,0.509,0.472,690024,67127137.0,7.25,-7.25,-0.037,5.96,-0.2142857142857143,0.022853114457862058,218411.05,-1.1720000000000002,2.6655,1.887,0.514,0.5241,-0.027484143763213398,0.05073995771670203,0.08245243128964064,0.24192031060657104,-0.09307867089622224
2022-04-26,0.475,0.46,0.478,0.454,2869462,267503348.0,5.07,-2.75,-0.013,24.79,-0.22948073701842542,0.023102777139513846,359728.4,-1.2680000000000002,2.811,3.1079999999999997,0.49879999999999997,0.5161,0.04347826086956519,0.05869565217391304,0.10869565217391308,0.24688538960267947,-0.1472445623642189
2022-04-27,0.46,0.48,0.483,0.448,813279,74954491.0,7.61,4.35,0.02,7.03,-0.18644067796610164,0.02630060157996628,389726.45,-0.992,3.116,3.3674999999999997,0.48860000000000003,0.5116,-0.008333333333333304,0.01041666666666674,0.05625000000000013,-0.3832174614931493,-0.38111641308696054
2022-04-28,0.478,0.476,0.481,0.469,2805550,266761252.0,2.5,-0.83,-0.004,24.23,-0.17789291882556124,0.02622175402156452,527215.0,-0.9405000000000001,3.114,4.555,0.4798,0.5057,0.04621848739495804,0.04201680672268915,0.07773109243697496,-0.3745395867634085,-0.3693974198728158
2022-04-29,0.479,0.498,0.5,0.477,547018,52941431.0,4.83,4.62,0.022,4.73,-0.1602023608768971,0.028103419329021564,548740.15,-0.8305000000000001,3.2344999999999997,4.7410000000000005,0.4774,0.5025000000000001,-0.002008032128514081,0.01807228915662651,0.03614457831325302,-0.631690221681557,-0.6195342571244806
2022-05-05,0.493,0.497,0.502,0.491,245470,24370258.0,2.21,-0.2,-0.001,2.12,-0.14604810996563566,0.02802962099567857,547983.95,-0.748,3.2525,4.734500000000001,0.4822,0.4981,-0.02012072434607648,0.030181086519114775,0.046277665995975825,-0.44303499971619753,-0.60937243303013
2022-05-06,0.483,0.487,0.495,0.48,214065,20831898.0,3.02,-2.01,-0.01,1.85,-0.16609589041095885,0.028041426613438034,553492.0,-0.8655000000000002,3.3175,4.782,0.48760000000000003,0.4932,-0.004106776180698102,0.04722792607802884,0.07802874743326504,-0.5711855071591023,-0.7051560591675228
2022-05-09,0.479,0.485,0.491,0.478,377531,36776506.0,2.67,-0.41,-0.002,3.26,-0.15652173913043477,0.02801218817950852,565442.75,-0.8089999999999999,3.374,4.885,0.48860000000000003,0.4885999999999999,0.02268041237113394,0.0453608247422681,0.08659793814433003,-0.4634909016190626,-0.7268047106127201
2022-05-10,0.48,0.496,0.499,0.477,249180,24530931.0,4.54,2.27,0.011,2.15,-0.11743772241992889,0.028601849012536127,574782.25,-0.5825000000000001,3.4795000000000003,4.9655000000000005,0.49260000000000004,0.4862,0.022177419354838745,0.03427419354838723,0.024193548387096753,-0.5510594415057639,-0.5561021512278626
2022-05-11,0.498,0.507,0.52,0.497,490768,50185392.0,4.64,2.22,0.011,4.24,-0.08976660682226223,0.02926310500247819,574027.5,-0.42700000000000016,3.5780000000000003,4.9590000000000005,0.4944,0.4859,0.009861932938856066,0.01775147928994092,0.00591715976331364,-0.5646005516717472,-0.6052695933775256
2022-05-12,0.503,0.512,0.514,0.503,188591,19188766.0,2.17,0.99,0.005,1.63,-0.03578154425612057,0.027637551078237472,568953.85,-0.14400000000000007,3.435,4.915,0.4974,0.48979999999999996,-0.00390625,0.015625,0.001953125,-0.5808877838368995,-0.44755292698342375
2022-05-13,0.514,0.51,0.515,0.505,240571,24456657.0,1.95,-0.39,-0.002,2.08,-0.05555555555555558,0.02729801606772067,562886.75,-0.24800000000000014,3.382,4.8625,0.502,0.49479999999999996,-0.00588235294117645,0.02941176470588247,0.0039215686274509665,-0.47703998099256617,-0.3816818337370592
2022-05-16,0.51,0.507,0.515,0.504,200716,20468427.0,2.16,-0.59,-0.003,1.73,-0.034285714285714364,0.026662414160264908,561677.5,-0.13850000000000012,3.3695,4.852,0.5064,0.49749999999999994,0.01183431952662728,0.03944773175542404,0.019723865877712132,-0.7710159295990986,-0.28956506456506226
2022-05-17,0.505,0.513,0.513,0.503,138343,14058994.0,1.97,1.18,0.006,1.2,-0.04112149532710285,0.026418910572289157,564141.95,-0.17450000000000007,3.3345,4.873500000000001,0.5098,0.5012000000000001,0.005847953216374213,-0.00974658869395717,0.033138401559454245,0.6480768140984521,-0.18515535763279367
2022-05-18,0.515,0.516,0.521,0.514,172943,17868921.0,1.36,0.58,0.003,1.49,-0.026415094339622636,0.026407818472766957,564416.8,-0.09900000000000009,3.3185000000000002,4.875500000000001,0.5115999999999999,0.5029999999999999,0.007751937984496138,-0.011627906976744207,0.029069767441860517,1.3761340464736618,0.15520517614864215
2022-05-19,0.507,0.52,0.52,0.506,184538,19002421.0,2.71,0.78,0.004,1.59,-0.038817005545286554,0.026000900278932728,562401.6,-0.16400000000000012,3.2935000000000003,4.8580000000000005,0.5132000000000001,0.5053,0.009615384615384581,-0.013461538461538525,0.044230769230769296,1.4604059740105058,0.2521930022770902
2022-05-20,0.52,0.525,0.526,0.518,168421,17595267.0,1.54,0.96,0.005,1.45,-0.020522388059701524,0.026053067846912335,568366.55,-0.0700000000000001,3.2689999999999997,4.9095,0.5162,0.5091,0.003809523809523707,-0.024761904761904763,0.06666666666666665,1.5559367160014825,0.849141997444482
2022-05-23,0.525,0.527,0.528,0.521,193917,20308403.0,1.33,0.38,0.002,1.68,-0.007532956685499026,0.025989880011970036,572432.25,-0.0045000000000000925,3.2329999999999997,4.945,0.5202,0.5133000000000001,-0.036053130929791344,-0.018975332068311257,0.05123339658444026,4.928139569925535,1.0779245562956694
2022-05-24,0.528,0.508,0.53,0.508,237657,24551729.0,4.17,-3.61,-0.019,2.05,-0.023076923076923106,0.02684390003865221,577891.2,-0.0815000000000001,3.2910000000000004,4.992,0.5192,0.5145,0.003937007874015741,0.04330708661417337,0.09055118110236227,-0.47099889411178875,-0.14554624903656732
2022-05-25,0.505,0.51,0.512,0.505,133494,13595835.0,1.38,0.39,0.002,1.15,0.0,0.026505349285606432,558076.9,0.033999999999999905,3.254,4.820500000000001,0.518,0.5148,0.00588235294117645,0.04117647058823537,0.05490196078431375,-0.45210715928542944,0.2710127564673359
2022-05-26,0.512,0.513,0.515,0.501,161897,16406461.0,2.75,0.59,0.003,1.4,0.08456659619450324,0.020207757584312515,531670.55,0.4259999999999999,3.029,4.592499999999999,0.5166000000000001,0.5149,-0.0019493177387914784,0.0584795321637428,0.07017543859649122,-0.3586995259610729,0.3364460956137132
2022-05-27,0.516,0.512,0.52,0.507,141507,14536559.0,2.53,-0.19,-0.001,1.22,0.11304347826086958,0.018858167049876765,395272.8,0.5539999999999999,2.902,3.4140000000000006,0.514,0.5151,0.009765625,0.09375,0.064453125,-0.32064881995521055,0.3672505560528905
2022-05-30,0.512,0.517,0.52,0.509,109775,11283996.0,2.15,0.98,0.005,0.95,0.07708333333333339,0.016667770862273813,360097.6,0.3854999999999999,2.629,3.1100000000000003,0.512,0.5161,0.025145067698259194,0.07156673114119938,0.04061895551257266,-0.046715155774517236,0.4224613722196655
2022-05-31,0.517,0.53,0.532,0.508,254374,26603388.0,4.64,2.51,0.013,2.2,0.11344537815126055,0.017056266222477377,232538.8,0.5524999999999999,2.7359999999999998,2.0084999999999997,0.5164,0.5178,0.0018867924528302993,0.04528301886792452,0.030188679245283012,0.7014113135055113,0.21510346722988793
2022-06-01,0.531,0.531,0.534,0.528,75882,8054596.0,1.13,0.19,0.001,0.66,0.06626506024096401,0.014116849835835948,208982.0,0.3309999999999999,2.551,1.8050000000000002,0.5206000000000001,0.5193000000000001,0.02259887005649719,0.013182674199623268,0.03766478342749524,1.340753531031937,0.2222063776355936
2022-06-02,0.531,0.543,0.545,0.527,226918,24333183.0,3.39,2.26,0.012,1.96,0.09255533199195187,0.014689780766454757,208054.4,0.4539999999999999,2.6100000000000003,1.7970000000000002,0.5266,0.5216000000000001,0.03130755064456725,0.011049723756906049,0.016574585635359185,0.9892259118241449,0.06539877682857931
2022-06-06,0.541,0.56,0.561,0.541,302456,33381933.0,3.68,3.13,0.017,2.61,0.14989733059548271,0.014647136906690617,212473.95,0.7109999999999999,2.643,1.8350000000000002,0.5362,0.5250999999999999,-0.010714285714285676,-0.0267857142857143,-0.005357142857142838,0.4900476065053081,-0.20854187720841943
2022-06-07,0.56,0.554,0.56,0.55,124985,13844480.0,1.79,-1.07,-0.006,1.08,0.14226804123711356,0.0149841016838242,199846.65,0.6779999999999998,2.599,1.7260000000000002,0.5436,0.5278,0.0,-0.028880866425992857,0.0036101083032491488,0.020422341703887126,-0.2624370329318315
2022-06-08,0.553,0.554,0.563,0.547,138362,15324174.0,2.89,0.0,0.0,1.2,0.11693548387096775,0.014569905474950426,194305.75,0.5644999999999999,2.5164999999999997,1.6785,0.5484,0.5324,-0.028880866425992857,-0.014440433212996373,-0.023465703971119134,0.17258545495900357,0.25290989541380626
2022-06-09,0.554,0.538,0.554,0.536,128197,13909510.0,3.25,-2.89,-0.016,1.11,0.06114398422090739,0.015930460132198,176177.2,0.30899999999999983,2.447,1.5219999999999998,0.5498000000000001,0.5352,0.020446096654275214,0.024163568773234223,0.026022304832713727,-0.41442396463190634,-0.15013922275883607
2022-06-10,0.535,0.549,0.55,0.533,211560,22948114.0,3.16,2.04,0.011,1.83,0.072265625,0.016337757238078572,177325.65,0.3614999999999998,2.4965,1.532,0.551,0.5388,-0.007285974499089298,0.005464480874316946,0.021857923497267784,-0.5264096382262842,-0.20441095430741774
2022-06-13,0.544,0.545,0.548,0.54,68301,7416878.0,1.46,-0.73,-0.004,0.59,0.06862745098039214,0.016436901556381108,168712.15,0.34449999999999986,2.472,1.4575,0.548,0.5421000000000001,-0.012844036697247763,0.022018348623853212,0.03486238532110075,-0.40189568754482785,-0.23904069471686973
2022-06-14,0.538,0.538,0.54,0.523,260312,27659673.0,3.12,-1.28,-0.007,2.25,0.06114398422090739,0.01671634252274802,171691.95,0.3099999999999999,2.52,1.4835,0.5448000000000001,0.5442,0.014869888475836479,0.03345724907063197,0.07620817843866146,-0.63476580621482,-0.2522210916872847
2022-06-15,0.537,0.546,0.557,0.537,211955,23290223.0,3.72,1.49,0.008,1.83,0.06432748538011701,0.016813272674775455,175372.55,0.3254999999999999,2.6075000000000004,1.515,0.5432,0.5458000000000001,0.009157509157509125,-0.009157509157509125,0.042124542124541975,-0.26848722472258024,-0.1284007830501498
2022-06-16,0.548,0.551,0.558,0.548,149125,16514031.0,1.83,0.92,0.005,1.29,0.0678294573643412,0.01685634834777191,174181.65,0.3424999999999999,2.6310000000000002,1.5050000000000001,0.5458000000000001,0.5478000000000001,0.001814882032667775,0.001814882032667775,0.041742286751361046,0.22216642709224899,-0.13299695925043264
2022-06-17,0.548,0.552,0.553,0.54,97391,10684812.0,2.36,0.18,0.001,0.84,0.06153846153846154,0.016828341860695182,169824.3,0.3124999999999999,2.6135,1.4675,0.5464,0.5487,0.009057971014492683,0.016304347826086918,0.034420289855072284,0.6615870998081295,-0.060601403170506996
2022-06-20,0.552,0.557,0.56,0.55,121699,13508074.0,1.81,0.91,0.005,1.05,0.06095238095238109,0.01681748576432136,167488.2,0.3099999999999999,2.6270000000000002,1.4475,0.5488000000000001,0.5484,-0.0017953321364452268,0.012567324955116588,0.014362657091561815,0.7508805032705774,0.1555754284202575
2022-06-21,0.559,0.556,0.56,0.55,96235,10687531.0,1.8,-0.18,-0.001,0.83,0.0550284629981026,0.0168516619269807,162604.1,0.28199999999999986,2.6505,1.405,0.5524000000000001,0.5486000000000001,-0.026978417266187105,0.04136690647481989,0.0017985611510791255,2.2103115347423516,0.23852369393567563
2022-06-22,0.557,0.541,0.558,0.54,126632,13843432.0,3.24,-2.7,-0.015,1.09,0.06496062992125995,0.01584189635408792,157052.85,0.32749999999999985,2.604,1.357,0.5514,0.5473000000000001,0.020332717190388205,0.05175600739371511,0.03327171903881698,0.15811439404323546,-0.10675713430365119
2022-06-23,0.539,0.552,0.552,0.539,210045,22912691.0,2.4,2.03,0.011,1.81,0.08235294117647074,0.01629588794788578,160880.4,0.40949999999999986,2.6550000000000002,1.3900000000000001,0.5516,0.5487,0.016304347826086918,0.03985507246376785,0.01449275362318847,-0.0707036928244269,-0.09789134356608176
2022-06-24,0.553,0.561,0.563,0.553,130864,14616359.0,1.81,1.63,0.009,1.13,0.0935672514619883,0.016521265987752335,159328.75,0.46149999999999985,2.608,1.3765,0.5534000000000001,0.5499,0.0053475935828875,0.017825311942958777,0.0035650623885916666,-0.1356053392245281,-0.12899703863645606
2022-06-27,0.562,0.564,0.567,0.56,133310,15027396.0,1.25,0.53,0.003,1.15,0.10156249999999978,0.016449157704095482,158918.9,0.4974999999999998,2.544,1.373,0.5548,0.5518000000000001,0.02659574468085113,0.0017730496453900457,-0.026595744680850908,-0.06803953903258575,0.038630912129943296
2022-06-28,0.563,0.579,0.581,0.557,845924,94930388.0,4.26,2.66,0.015,7.31,0.11992263056092822,0.01712370513540741,195726.35,0.5814999999999998,2.6495,1.691,0.5594,0.5559000000000001,-0.01727115716753025,-0.03799654576856637,-0.07253886010362687,-0.5170165778138125,-0.18888764854258056
2022-06-29,0.576,0.569,0.586,0.568,2513342,291072016.0,3.11,-1.73,-0.01,21.71,0.07358490566037723,0.017230400082958636,308674.75,0.36949999999999983,2.573,2.6665,0.5650000000000001,0.5582,0.008787346221441172,-0.017574692442882123,-0.05975395430579955,-0.44396966285454653,-0.2975425322806029
2022-06-30,0.569,0.574,0.58,0.568,445212,51140551.0,2.11,0.88,0.005,3.85,0.08097928436911483,0.017261295489010096,327141.25,0.4039999999999998,2.622,2.826,0.5694,0.5605,-0.005226480836236891,-0.024390243902438824,-0.05923344947735176,-0.5302620986287756,-0.2921080164595353
2022-07-01,0.574,0.571,0.579,0.569,106669,12256657.0,1.74,-0.52,-0.003,0.92,0.05156537753222823,0.016802189693171963,321128.8,0.26499999999999985,2.5395,2.774,0.5713999999999999,0.5624,-0.010507880910682998,-0.014010507880910739,-0.06654991243432562,-0.4563782122772123,-0.29149824669221736
2022-07-04,0.571,0.565,0.571,0.559,225841,25473076.0,2.1,-1.05,-0.006,1.95,0.008928571428571175,0.015607877632482661,317298.05,0.05599999999999987,2.4604999999999997,2.741,0.5715999999999999,0.5631999999999999,-0.014159292035398008,-0.028318584070796238,-0.044247787610619316,-0.24041793789952026,-0.2241094167957095
2022-07-05,0.564,0.557,0.567,0.551,2306702,259208636.0,2.83,-1.42,-0.008,19.93,0.005415162454873723,0.015757152102943137,426383.9,0.03849999999999989,2.5125,3.6835,0.5671999999999999,0.5633,0.0035906642728904536,-0.03590664272890487,-0.019748653500897717,0.45049640948760583,-0.23535368561643222
2022-07-06,0.556,0.559,0.567,0.553,268756,30141331.0,2.51,0.36,0.002,2.32,0.00902527075812265,0.015772943528678002,432903.6,0.056499999999999884,2.4935,3.7394999999999996,0.5651999999999999,0.5650999999999999,0.0017889087656528524,-0.0429338103756709,-0.01610017889087656,0.4455910173121391,-0.07808198671104694
2022-07-07,0.558,0.56,0.561,0.553,147070,16414078.0,1.43,0.18,0.001,1.27,0.040892193308550207,0.014168472555164445,433847.25,0.20999999999999988,2.4025,3.7475,0.5624,0.5659,0.005357142857142616,-0.0357142857142857,-0.008928571428571397,1.0359749236072684,0.03212617163862719
2022-07-08,0.56,0.563,0.571,0.56,133883,15113332.0,1.96,0.54,0.003,1.16,0.025500910746812266,0.01352745830940307,429963.4,0.13499999999999987,2.3425000000000002,3.714,0.5608000000000001,0.5660999999999999,-0.024866785079928788,-0.053285968028419006,-0.026642984014209392,0.5696636222079332,0.12498454061950359
2022-07-11,0.56,0.549,0.561,0.545,183710,20222113.0,2.84,-2.49,-0.014,1.59,0.007339449541284404,0.014643165630908977,435733.85,0.04699999999999986,2.4114999999999998,3.7640000000000002,0.5576,0.5646,-0.021857923497267784,-0.016393442622950838,-0.012750455373406244,0.11064074139933688,-0.1540166076525894
2022-07-12,0.547,0.537,0.549,0.537,153468,16624550.25,2.19,-2.19,-0.012,1.33,-0.0018587360594795044,0.01520248165246812,430391.65,0.001499999999999857,2.365,3.718,0.5536,0.5604,-0.003724394785847296,0.016759776536312776,0.016759776536312776,-0.240992369168341,-0.1210572634831113
2022-07-13,0.539,0.535,0.539,0.533,164806,17677275.9,1.12,-0.37,-0.002,1.42,-0.020146520146520186,0.014809844842135477,428034.2,-0.09150000000000014,2.235,3.6975000000000002,0.5488,0.557,0.009345794392523477,0.028037383177570208,0.020560747663551426,-0.2350629982542306,-0.09756729642735174
2022-07-14,0.536,0.54,0.544,0.533,106709,11509282.2,2.06,0.93,0.005,0.92,-0.019963702359346636,0.01481664139256069,425913.4,-0.09100000000000012,2.2465,3.679,0.5448000000000001,0.5536000000000001,-0.012962962962962954,0.0277777777777779,0.03703703703703698,-0.32143988011620284,0.09260678575203296
2022-07-15,0.539,0.533,0.545,0.533,118369,12753537.2,2.22,-1.3,-0.007,1.02,-0.034420289855072506,0.015040741590987219,426962.3,-0.16500000000000012,2.2395,3.688,0.5388,0.5498000000000001,0.013133208255159401,0.028142589118199002,0.03564727954971869,-0.25443984883427784,0.09120990896484948
2022-07-18,0.533,0.54,0.541,0.53,97941,10502886.2,2.06,1.31,0.007,0.85,-0.03052064631956919,0.015219866245780825,425774.4,-0.14500000000000016,2.252,3.6779999999999995,0.5370000000000001,0.5473000000000001,0.011111111111111072,0.0037037037037037646,0.042592592592592515,-0.2144326251229679,0.02604817472531029
2022-07-19,0.54,0.546,0.546,0.539,111259,12090486.063,1.3,1.11,0.006,0.96,-0.017985611510791366,0.015475405225639949,426525.6,-0.08050000000000013,2.227,3.6845,0.5388000000000001,0.5462,0.0073260073260073,0.0,0.0,-0.038456946909259604,0.2574264014314811
2022-07-20,0.547,0.55,0.553,0.547,70448,7753224.8,1.1,0.73,0.004,0.61,0.01663585951940849,0.01427489542845478,423716.4,0.09099999999999989,2.12,3.6605000000000003,0.5418000000000001,0.5453,0.009090909090909038,-0.0072727272727273196,0.009090909090909038,-0.04877343895772612,0.28536202088719764
2022-07-21,0.549,0.555,0.56,0.547,186035,20724641.586,2.36,0.91,0.005,1.61,0.005434782608695565,0.01367925925513478,422515.9,0.03499999999999989,2.118,3.6505,0.5448000000000001,0.5448000000000001,-0.012612612612612595,0.009009009009008917,0.012612612612612706,0.4756097780615651,0.2656157115606306
2022-07-22,0.556,0.548,0.56,0.544,112228,12335838.739,2.88,-1.26,-0.007,0.97,-0.02317290552584672,0.013431273324800912,421584.1,-0.10950000000000011,2.1714999999999995,3.6424999999999996,0.5478,0.5433,-0.010948905109489093,0.007299270072992803,0.07116788321167866,0.5358955687359552,0.49974771046955335
2022-07-25,0.547,0.542,0.551,0.54,107496,11730891.604,2.01,-1.09,-0.006,0.93,-0.03900709219858145,0.013514510697124742,420293.4,-0.1905000000000001,2.2095,3.6315,0.5482,0.5426,0.007380073800737907,0.03874538745387435,0.088560885608856,0.37606392202132,0.643852831446484
2022-07-26,0.54,0.546,0.547,0.538,318560,34538558.6,1.66,0.74,0.004,2.75,-0.05699481865284961,0.01197766777934426,393925.2,-0.2865000000000001,2.0795,3.4034999999999997,0.5482,0.5435000000000001,0.0,0.0,0.08058608058608052,1.149438977305767,0.986893807402587
2022-07-27,0.545,0.546,0.548,0.544,84100,9184997.7,0.73,0.0,0.0,0.73,-0.04042179261862899,0.011497039702006278,272463.1,-0.2000000000000001,1.9605000000000001,2.3545,0.5474,0.5446000000000001,0.025641025641025772,0.016483516483516425,0.07326007326007322,1.4213249145534674,1.0527787126216301
2022-07-28,0.548,0.56,0.563,0.548,531363,59539853.257,2.75,2.56,0.014,4.59,-0.024390243902438824,0.012865375023645736,276770.65,-0.11600000000000014,1.9925000000000002,2.3914999999999997,0.5484000000000001,0.5466,-0.014285714285714346,0.0035714285714285587,0.07499999999999996,0.4118976637878331,0.6966025748816489
2022-07-29,0.561,0.552,0.561,0.551,203871,22598208.6,1.79,-1.43,-0.008,1.76,-0.0332749562171627,0.013172085044845995,281630.75,-0.16150000000000012,1.9949999999999999,2.4334999999999996,0.5492000000000001,0.5485,0.019927536231883813,0.06340579710144922,0.0724637681159419,0.6879242880787628,0.6915807248138433
2022-08-01,0.549,0.563,0.563,0.543,326940,36541065.498,3.62,1.99,0.011,2.82,-0.0035398230088495852,0.013831377984346995,286685.7,-0.00950000000000013,2.0709999999999997,2.477,0.5534,0.5508,-0.03019538188277071,0.047957371225577416,0.04440497335701599,0.6843336359184691,0.5956213524504745
2022-08-02,0.56,0.546,0.56,0.542,312576,34270288.96,3.2,-3.02,-0.017,2.7,-0.019748653500897717,0.015097024603221895,186979.4,-0.08950000000000014,2.0895,1.6155000000000002,0.5534000000000001,0.5508,0.016483516483516425,0.08058608058608052,0.07326007326007322,-0.25723694494589744,0.07229941505045301
2022-08-03,0.549,0.555,0.567,0.548,381677,42468731.608,3.48,1.65,0.009,3.3,-0.007155635062611854,0.015566302536133725,192625.45,-0.025000000000000133,2.138,1.6644999999999999,0.5551999999999999,0.5513,0.012612612612612706,0.05585585585585573,0.06126126126126108,-0.1812868730012982,0.016468979171094578
2022-08-04,0.556,0.562,0.565,0.556,231135,25855525.272,1.62,1.26,0.007,2.0,0.0035714285714285587,0.0158266537953522,196828.7,0.02899999999999986,2.1475,1.7009999999999998,0.5556,0.552,0.04448398576512447,0.07117437722419906,0.05871886120996428,-0.03316825461774264,8.239728450032402e-05
2022-08-05,0.562,0.587,0.59,0.562,426310,49140411.788,4.98,4.45,0.025,3.68,0.04262877442273538,0.018651174401916226,211450.05,0.22449999999999987,2.2984999999999998,1.827,0.5626,0.5559000000000001,0.005110732538330609,0.008517887563884274,-0.010221465076660996,-0.3922828421868253,-0.34451080520341903
2022-08-08,0.588,0.59,0.591,0.582,745114,87409001.904,1.53,0.51,0.003,6.44,0.07468123861566478,0.01752764415843778,239520.25,0.3744999999999999,2.233,2.0695,0.5680000000000001,0.5607,0.0,-0.003389830508474634,-0.01016949152542379,-0.378470871517142,-0.31578438335341685
2022-08-09,0.588,0.59,0.591,0.579,329108,38487551.8,2.03,0.0,0.0,2.84,0.09869646182495329,0.01649789152606068,248302.25,0.4839999999999999,2.225,2.145,0.5768,0.5650999999999999,-0.006779661016949157,-0.006779661016949157,-0.01016949152542379,-0.03418674348613149,-0.321733843938364
2022-08-10,0.584,0.586,0.593,0.582,145294,17093384.7,1.86,-0.68,-0.004,1.26,0.09532710280373813,0.016595282477077415,247326.65,0.46849999999999986,2.262,2.137,0.583,0.5690999999999999,0.027303754266211566,0.005119453924914641,-0.04436860068259374,-0.17026408751435418,-0.10664028034314399
2022-08-11,0.588,0.602,0.603,0.588,141283,16885866.3,2.56,2.73,0.016,1.22,0.1148148148148147,0.017329827672106154,249055.35,0.5584999999999999,2.287,2.152,0.591,0.5733,-0.01661129568106312,-0.011627906976744207,-0.07807308970099658,-0.5091357497814438,-0.278996192395088
2022-08-12,0.602,0.592,0.602,0.591,194549,23203792.4,1.83,-1.66,-0.01,1.68,0.11069418386491536,0.017553170671817032,252864.35,0.5405,2.2675,2.1849999999999996,0.592,0.5772999999999999,-0.006756756756756799,-0.01858108108108114,-0.07094594594594583,-0.209434959374469,-0.30104311345139634
2022-08-15,0.59,0.588,0.591,0.585,409757,48151691.9,1.01,-0.68,-0.004,3.54,0.0888888888888888,0.017655632508313288,268455.15,0.44099999999999995,2.215,2.3195,0.5915999999999999,0.5798,-0.003401360544217691,-0.006802721088435382,-0.0680272108843536,-0.1987756786734427,-0.29608557102516975
2022-08-16,0.587,0.586,0.591,0.583,101748,11919120.4,1.36,-0.34,-0.002,0.88,0.07326007326007322,0.017664125342512858,267979.6,0.3684999999999999,2.218,2.3155,0.5908,0.5838,0.005119453924914641,-0.0034129692832765013,-0.06484641638225241,-0.20356761823901726,-0.16012595784257921
2022-08-17,0.583,0.589,0.592,0.582,224587,26443036.6,1.71,0.51,0.003,1.94,0.07090909090909081,0.01764709241800456,275686.55,0.3574999999999998,2.2485,2.382,0.5913999999999999,0.5871999999999999,0.01018675721561979,-0.04923599320882843,-0.0831918505942274,0.3107812339239906,-0.16929229562327353
2022-08-18,0.59,0.595,0.597,0.585,108748,12830795.0,2.04,1.02,0.006,0.94,0.072072072072072,0.01766680025974955,271822.2,0.3629999999999999,2.2325,2.3485,0.59,0.5904999999999999,-0.02352941176470591,-0.0672268907563024,-0.10084033613445365,0.798743691195767,-0.24956714618723308
2022-08-19,0.593,0.581,0.602,0.581,216817,25413673.8,3.53,-2.35,-0.014,1.87,0.06021897810218957,0.01835055744277537,277051.65,0.3084999999999999,2.2649999999999997,2.3935,0.5878,0.5899,0.005163511187607606,-0.05335628227194478,-0.06196213425129071,0.3874408686778379,0.0839768444138782
2022-08-22,0.581,0.584,0.589,0.576,170638,19928747.9,2.24,0.52,0.003,1.47,0.07749077490774892,0.01805319541647766,280208.75,0.3889999999999999,2.2765,2.4204999999999997,0.587,0.5892999999999999,0.0,-0.06164383561643827,-0.07534246575342451,0.22887716224129484,0.04709927920094681
2022-08-23,0.582,0.584,0.587,0.581,181682,21186358.1,1.03,0.0,0.0,1.57,0.06959706959706935,0.0180535854927373,273364.85,0.35199999999999987,2.245,2.3615,0.5866,0.5887,-0.041095890410958735,-0.06164383561643827,-0.07020547945205469,0.2332863309067199,0.07632789914411275
2022-08-24,0.584,0.56,0.584,0.558,156568,17730272.9,4.45,-4.11,-0.024,1.35,0.025641025641025772,0.020630524076185996,276988.25,0.14649999999999985,2.431,2.3925,0.5808,0.5861,-0.008928571428571397,-0.0357142857142857,-0.017857142857142905,-0.7420985042615663,-0.4286875873599659
2022-08-25,0.559,0.555,0.562,0.549,184568,20444320.7,2.32,-0.89,-0.005,1.59,-0.008928571428571397,0.019935174974617255,259648.5,-0.026000000000000127,2.4095,2.2425,0.5728,0.5814,-0.009009009009009028,-0.03603603603603611,-0.027027027027027084,-0.7005536811865285,-0.2318451995166394
2022-08-26,0.557,0.55,0.56,0.548,172387,18988939.6,2.16,-0.9,-0.005,1.49,-0.0036231884057971175,0.01977404068612954,258074.3,0.0004999999999998672,2.428,2.229,0.5666,0.5772,-0.0036363636363636598,-0.00909090909090915,-0.012727272727272698,-0.2940168231747261,-0.2155463363161625
2022-08-29,0.543,0.548,0.552,0.542,458182,50108113.472,1.82,-0.36,-0.002,3.96,-0.026642984014209392,0.01921867752941116,264636.4,-0.11700000000000013,2.338,2.286,0.5594000000000001,0.5732,0.0,-0.014598540145985384,-0.007299270072992692,-0.199025857293735,-0.2175774778202738
2022-08-30,0.547,0.548,0.553,0.545,67024,7353413.86,1.46,0.0,0.0,0.58,0.00366300366300365,0.017963913374984018,252358.8,0.03399999999999987,2.251,2.18,0.5522,0.5694,-0.014598540145985384,-0.009124087591240837,-0.009124087591240837,-0.16690222542954347,-0.2236935982330025
2022-08-31,0.548,0.54,0.549,0.537,207587,22468590.1,2.19,-1.46,-0.008,1.79,-0.027027027027027084,0.01783745697966109,243654.3,-0.12150000000000012,2.1865,2.1045000000000003,0.5482000000000001,0.5645,-0.0092592592592593,0.0185185185185186,-0.020370370370370372,1.2691181558869231,-0.08207490180076016
2022-09-01,0.54,0.535,0.546,0.534,197938,21308954.3,2.22,-0.93,-0.005,1.71,-0.04804270462633453,0.01761393943504726,241994.45,-0.2310000000000001,2.2165,2.0900000000000003,0.5442,0.5585000000000001,0.01869158878504673,0.009345794392523477,-0.02242990654205612,1.726314105334286,0.03085706058047566
2022-09-02,0.535,0.545,0.547,0.535,90429,9801879.7,2.24,1.87,0.01,0.78,-0.07155025553662675,0.01471267947542113,225200.4,-0.36000000000000015,2.0795000000000003,1.9449999999999998,0.5432,0.5549000000000001,-0.00917431192660556,-0.003669724770642202,-0.05871559633027523,-0.004297928082409586,-0.17690743845858503
2022-09-05,0.545,0.54,0.545,0.535,106816,11482803.2,1.83,-0.92,-0.005,0.92,-0.08474576271186429,0.014613882120815512,193285.5,-0.4315000000000001,2.0945,1.6689999999999998,0.5416000000000001,0.5505000000000001,0.005555555555555536,0.007407407407407307,-0.050000000000000044,-0.10789555212590507,-0.1431687080616013
2022-09-06,0.542,0.543,0.543,0.536,45178,4876993.8,1.3,0.56,0.003,0.39,-0.0796610169491524,0.01475237613520697,179089.0,-0.4035000000000001,2.058,1.5465,0.5406000000000001,0.5464,0.012891344383057168,0.0,-0.06077348066298349,-0.15466708313900757,-0.20256501809169858
2022-09-07,0.542,0.55,0.552,0.541,78171,8562675.0,2.03,1.29,0.007,0.68,-0.061433447098976024,0.015208649948760004,175732.85,-0.3050000000000001,2.0665,1.5174999999999998,0.5426000000000001,0.5454000000000001,-0.018181818181818188,-0.038181818181818206,-0.07454545454545458,0.0685188918311741,-0.04565070736102428
2022-09-08,0.549,0.54,0.549,0.54,29114,3167725.1,1.64,-1.82,-0.01,0.25,-0.10299003322259126,0.01376213025634498,170124.4,-0.5325000000000001,2.0205,1.4689999999999999,0.5436000000000001,0.5439,0.005555555555555536,-0.031481481481481555,-0.07777777777777783,-0.18108720510133747,-0.09105490734982569
2022-09-09,0.54,0.543,0.544,0.538,27134,2937785.5,1.11,0.56,0.003,0.23,-0.08277027027027017,0.013698118927517948,161753.65,-0.4215000000000001,1.9845,1.3965,0.5432,0.5432,0.0018416206261511192,-0.05524861878453047,-0.09576427255985276,-0.08760247690188772,-0.1766507933447501
2022-09-13,0.543,0.544,0.552,0.543,33904,3706803.0,1.66,0.18,0.001,0.29,-0.07482993197278898,0.0137491602758309,142961.0,-0.3785000000000001,2.017,1.234,0.5439999999999999,0.5428,-0.0018382352941176405,-0.05698529411764708,-0.07720588235294124,-0.05853481739921318,0.16159352404655336
2022-09-14,0.535,0.543,0.545,0.535,25029,2699216.8,1.84,-0.18,-0.001,0.22,-0.07337883959044356,0.013755929562512422,139125.05,-0.3705000000000001,2.041,1.201,0.544,0.5423,-0.025782688766114226,-0.06077348066298349,-0.10128913443830578,-0.11128287226941924,0.25563259964620677
2022-09-15,0.543,0.529,0.543,0.523,205639,21813886.3,3.68,-2.58,-0.014,1.78,-0.1018675721561969,0.014430671561457827,138177.65,-0.5250000000000001,2.1395,1.193,0.5398,0.5412,-0.011342155009451793,-0.03780718336483935,-0.07750472589792068,-0.4305039349583326,0.038790220029227385
2022-09-16,0.529,0.523,0.535,0.523,80361,8512573.1,2.27,-1.13,-0.006,0.69,-0.12100840336134444,0.014014970459128626,136758.3,-0.6325000000000001,2.1510000000000002,1.1804999999999999,0.5364,0.54,-0.019120458891013437,-0.04780114722753348,-0.0822179732313576,-0.20483904973898348,0.04438376463713034
2022-09-19,0.519,0.513,0.525,0.512,202767,20936767.2,2.49,-1.91,-0.01,1.75,-0.11703958691910488,0.013762662411502338,136055.8,-0.6105,2.0989999999999998,1.1745,0.5304,0.5368,0.0,-0.042884990253411304,-0.10136452241715399,-0.21967317492654104,0.36726153004444084
2022-09-20,0.516,0.513,0.517,0.511,128362,13196326.1,1.17,0.0,0.0,1.11,-0.1215753424657533,0.013587297536675837,133942.0,-0.6365000000000001,2.0454999999999997,1.1564999999999999,0.5242,0.5341,-0.005847953216374324,-0.021442495126705707,-0.1072124756335282,0.5126601710984549,0.3345794462830365
2022-09-21,0.513,0.51,0.514,0.503,156400,15896980.1,2.14,-0.58,-0.003,1.35,-0.12671232876712324,0.013505643335979622,132677.9,-0.6655,2.101,1.1455,0.5176000000000001,0.5307999999999999,-0.0019607843137254832,-0.04313725490196085,-0.06274509803921569,0.9325885287250304,0.9940513269513813
2022-09-22,0.511,0.509,0.515,0.507,104840,10727783.7,1.57,-0.2,-0.001,0.91,-0.09107142857142869,0.010823053774310617,130091.5,-0.4700000000000001,1.957,1.1235000000000002,0.5136000000000001,0.5267000000000001,-0.02161100196463661,-0.04125736738703345,-0.05500982318271119,1.5900490134143404,1.3680130763457408
2022-09-23,0.509,0.498,0.51,0.494,241578,24207775.1,3.14,-2.16,-0.011,2.09,-0.10270270270270276,0.011437489361256496,132942.0,-0.5335000000000001,1.998,1.1485,0.5086,0.5225,-0.014056224899598457,-0.03614457831325302,-0.010040160642570295,0.9299062716263917,1.3630015709254786
2022-09-26,0.494,0.491,0.499,0.49,98289,9699710.6,1.81,-1.41,-0.007,0.85,-0.10727272727272741,0.011577498003576148,129237.1,-0.5590000000000002,1.9805000000000004,1.1164999999999998,0.5042000000000001,0.5173,0.022403258655804503,-0.06109979633401219,0.024439918533604832,1.6961361653807194,1.6339218492068812
2022-09-27,0.491,0.502,0.502,0.491,84570,8389689.8,2.24,2.24,0.011,0.73,-0.08394160583941612,0.01316459868536695,110556.5,-0.4290000000000001,2.0015,0.9549999999999998,0.502,0.5131,-0.027888446215139417,-0.08764940239043817,0.0,-0.042816688762650656,0.800040253337643
2022-09-28,0.502,0.488,0.502,0.488,70000,6889155.9,2.79,-2.79,-0.014,0.6,-0.1094890510948906,0.014127845900979756,110705.3,-0.5685,2.0680000000000005,0.9560000000000001,0.4976,0.5076,0.0,-0.020491803278688492,0.024590163934426146,0.5349429990201235,0.537053005724579
2022-09-29,0.492,0.488,0.496,0.486,141578,13891869.284,2.05,0.0,0.0,1.22,-0.09629629629629632,0.014019854783452945,107404.85,-0.4955000000000001,2.061,0.9275,0.4934,0.5035000000000001,-0.016393442622950838,-0.014344262295082011,0.04508196721311486,0.5369606165874978,0.6556656114819865
2022-09-30,0.486,0.48,0.49,0.479,69648,6729444.9,2.25,-1.64,-0.008,0.6,-0.10280373831775713,0.014224366252506265,100990.35,-0.5310000000000001,2.0625,0.8720000000000001,0.48979999999999996,0.4992,-0.039583333333333304,0.027083333333333348,0.05208333333333348,0.6421672427167637,0.5916438359674605
2022-10-10,0.479,0.461,0.484,0.459,1529721,142085974.3,5.21,-3.96,-0.019,13.21,-0.15412844036697249,0.014996077765665411,172954.95,-0.8225000000000001,2.211,1.4935,0.4838,0.49399999999999994,-0.006507592190889366,0.09110629067245113,0.10195227765726678,-0.2160998132014722,-0.022296573526785934
2022-10-11,0.461,0.458,0.464,0.456,586256,53782896.2,1.74,-0.65,-0.003,5.06,-0.1518518518518519,0.014999063627391175,196926.95,-0.8089999999999999,2.2064999999999997,1.7005000000000003,0.475,0.4885,0.04366812227074224,0.09606986899563319,0.08951965065502177,0.10459696137418395,0.08415041768835496
2022-10-12,0.458,0.478,0.478,0.456,602416,55925611.8,4.8,4.37,0.02,5.2,-0.11970534069981598,0.018771190866211384,224788.85,-0.6185,2.3815,1.941,0.47300000000000003,0.48529999999999995,0.006276150627614996,0.046025104602510414,0.08158995815899583,-0.5726287633700917,-0.30296223791083876
2022-10-13,0.477,0.481,0.488,0.475,271416,26188419.0,2.72,0.63,0.003,2.34,-0.1254545454545456,0.018473229518828377,234451.1,-0.6515000000000001,2.416,2.024,0.4716,0.48249999999999993,0.02494802494802495,0.06029106029106024,0.08108108108108114,-0.5549236975484242,-0.31108637637438663
2022-10-14,0.487,0.493,0.494,0.482,221135,21643473.7,2.49,2.49,0.012,1.91,-0.08703703703703713,0.01952736478096599,244052.15,-0.43600000000000005,2.4585,2.107,0.4742,0.48200000000000004,0.020283975659229236,0.024340770791074995,0.024340770791074995,-0.5514348472733458,-0.24463104169529937
2022-10-17,0.493,0.503,0.506,0.49,230006,22994351.6,3.25,2.03,0.01,1.99,-0.07366482504604055,0.020187621021826033,254195.75,-0.3625000000000001,2.5655,2.195,0.48260000000000003,0.48319999999999996,-0.001988071570576566,0.00994035785288272,0.035785288270377746,-0.3951078241075663,-0.1982461410860321
2022-10-18,0.506,0.502,0.51,0.498,171088,17162508.5,2.39,-0.2,-0.001,1.48,-0.07720588235294124,0.020151163997922005,261054.95,-0.38150000000000006,2.6020000000000003,2.2544999999999997,0.49139999999999995,0.48319999999999996,-0.003984063745019917,-0.005976095617529875,0.05179282868525892,-0.17207391897010615,-0.164541963698834
2022-10-19,0.503,0.5,0.505,0.497,378093,37979991.56,1.59,-0.4,-0.002,3.27,-0.07918968692449357,0.020145785489497834,278708.15,-0.39250000000000007,2.5895,2.407,0.4958,0.48439999999999994,0.020000000000000018,0.03400000000000003,0.06600000000000006,0.6773459082406832,-0.10499440931240134
2022-10-20,0.496,0.51,0.517,0.495,539700,54656626.2,4.4,2.0,0.01,4.66,-0.03591682419659736,0.020132435419484382,295411.2,-0.16350000000000006,2.6255,2.5509999999999997,0.5016,0.4866,-0.009803921568627416,0.019607843137254832,0.04117647058823537,0.5032358077068269,-0.14236455074051957
2022-10-21,0.509,0.505,0.51,0.5,362885,36715042.0,1.96,-0.98,-0.005,3.13,-0.03441682600382412,0.020096306141643448,309537.4,-0.15600000000000008,2.61,2.673,0.504,0.4891,0.005940594059405946,0.0,0.06930693069306937,0.7653669548992934,-0.13408590993200464
2022-10-24,0.505,0.508,0.52,0.5,333408,33913476.2,3.96,0.59,0.003,2.88,-0.00974658869395717,0.019721440994593796,316069.45,-0.031000000000000076,2.6835,2.7295000000000003,0.505,0.49380000000000007,-0.017716535433070835,0.025590551181102317,0.05905511811023634,1.508603684309799,0.19640188443936646
2022-10-25,0.502,0.499,0.507,0.494,568017,56830110.8,2.56,-1.77,-0.009,4.91,-0.02729044834307992,0.02010123834814589,338052.2,-0.11950000000000008,2.753,2.9195,0.5044,0.4979,0.03607214428857719,0.05811623246492981,0.07615230460921851,0.768865251556252,0.01863861846699444
2022-10-26,0.499,0.517,0.521,0.498,584257,60095174.1,4.61,3.61,0.018,5.05,0.013725490196078383,0.021711179606438345,359445.05,0.08999999999999993,2.8765,3.1045000000000003,0.5078,0.5018,0.005802707930367523,0.030947775628626717,0.025145067698259194,0.00840833141361541,-0.007570624002164572
2022-10-27,0.517,0.52,0.525,0.515,273768,28498651.7,1.93,0.58,0.003,2.36,0.0216110019646365,0.021726642874769296,367891.45,0.12899999999999992,2.8945,3.1770000000000005,0.5098,0.5057,-0.028846153846153855,0.02115384615384608,0.005769230769230749,0.09171588654802698,0.030856803190340454
2022-10-28,0.516,0.505,0.522,0.502,271539,27653351.4,3.85,-2.88,-0.015,2.35,0.014056224899598346,0.02218350835470723,369389.5,0.09299999999999993,2.93,3.19,0.5098,0.5069,0.03168316831683171,0.06930693069306937,0.045544554455445585,-0.4892083572920418,-0.2657085127355825
2022-10-31,0.503,0.521,0.523,0.502,367002,37910974.6,4.16,3.17,0.016,3.17,0.0610997963340123,0.022903107415620714,382825.15,0.32199999999999995,3.0475,3.306,0.5124000000000001,0.5086999999999999,0.013435700575815668,0.03262955854126681,0.017274472168905985,-0.6647222814119662,-0.49154439194880073
2022-11-01,0.521,0.528,0.528,0.516,213141,22290612.7,2.3,1.34,0.007,1.84,0.05179282868525892,0.022593439386886665,389253.7,0.2769999999999999,3.0505000000000004,3.3614999999999995,0.5182,0.5113000000000001,0.009469696969697017,0.017045454545454586,0.04734848484848486,-0.6384454922917968,-0.20065214718545743
2022-11-02,0.528,0.533,0.536,0.527,450130,47820352.5,1.7,0.95,0.005,3.89,0.09221311475409855,0.021440215859510524,408260.2,0.46399999999999986,2.9959999999999996,3.526,0.5214000000000001,0.5146000000000001,-0.0037523452157598447,-0.0056285178236398226,0.028142589118199002,-0.501330723382172,-0.17053508159901842
2022-11-03,0.528,0.531,0.534,0.526,299382,31709520.4,1.5,-0.38,-0.002,2.59,0.08811475409836067,0.021499272997062183,416150.4,0.44499999999999995,2.9684999999999997,3.5945,0.5236000000000001,0.5167,0.016949152542372836,-0.015065913370998163,0.052730696798493515,-0.4533522926242054,-0.1260597657839737
2022-11-04,0.531,0.54,0.542,0.531,462017,49670499.577,2.07,1.69,0.009,3.99,0.12500000000000022,0.021086704764138615,435768.85,0.6114999999999999,2.9595,3.7640000000000002,0.5306000000000001,0.5202,-0.0037037037037036535,-0.022222222222222254,0.016666666666666607,-0.2656651685514181,-0.07059486040592833
2022-11-07,0.54,0.538,0.547,0.53,331536,35811105.766,3.15,-0.37,-0.002,2.86,0.16702819956616044,0.018341590607762633,375859.6,0.7909999999999999,2.8564999999999996,3.2465,0.534,0.5232,-0.0018587360594795044,-0.014869888475836479,0.016728624535315983,0.045198926997447764,-0.0835696542799843
2022-11-08,0.537,0.537,0.54,0.532,263292,28197431.7,1.49,-0.19,-0.001,2.27,0.17248908296943233,0.018177969670226574,359711.4,0.8139999999999998,2.8440000000000003,3.107,0.5358,0.527,-0.013035381750465591,0.029795158286778367,0.003724394785847407,1.4779979701662298,0.02613318895845884
2022-11-09,0.535,0.53,0.539,0.53,160117,17079488.8,1.68,-1.3,-0.007,1.38,0.10878661087866126,0.016708252635703386,337596.45,0.5304999999999999,2.6879999999999997,2.916,0.5352,0.5283,-0.013207547169811318,0.03396226415094339,0.013207547169811429,1.0393607423823052,0.11586286252469735
2022-11-10,0.526,0.523,0.533,0.521,700323,73392312.2,2.26,-1.32,-0.007,6.05,0.08731808731808743,0.01720936102315007,359041.8,0.43299999999999994,2.665,3.1015,0.5336000000000001,0.5286000000000001,0.009560229445506607,0.06883365200764824,0.013384321223709472,0.603614165615286,0.07304006658739892
2022-11-11,0.538,0.528,0.538,0.528,210257,22379149.6,1.91,0.96,0.005,1.82,0.07099391480730222,0.016571423821940927,358497.9,0.35649999999999993,2.636,3.0970000000000004,0.5312,0.5309,0.0037878787878788955,0.03977272727272729,-0.009469696969697017,1.5914295953692523,0.34239820127624143
2022-11-14,0.527,0.53,0.535,0.525,140488,14887272.3,1.89,0.38,0.002,1.21,0.05367793240556673,0.016099281824769253,354022.0,0.2739999999999999,2.568,3.058,0.5296000000000001,0.5318,0.04339622641509444,0.03207547169811331,-0.024528301886792447,1.4617097501263574,0.8236340973522565
2022-11-15,0.529,0.553,0.553,0.529,249997,27371313.5,4.53,4.34,0.023,2.16,0.1015936254980081,0.01842783385012844,357967.45,0.5009999999999999,2.675,3.092,0.5327999999999999,0.5343,-0.009041591320072317,-0.025316455696202556,-0.0488245931283906,-0.35058095999978545,-0.20658911795477175
2022-11-16,0.554,0.548,0.556,0.546,126103,13881617.51,1.81,-0.9,-0.005,1.09,0.09600000000000009,0.0185917153978326,345367.95,0.47599999999999987,2.686,2.983,0.5364000000000001,0.5358,0.02007299270072993,-0.02007299270072993,-0.04744525547445255,-0.3357920326023257,-0.22937207401303417
2022-11-17,0.546,0.559,0.56,0.54,420725,46344041.587,3.65,2.01,0.011,3.63,0.09607843137254912,0.018594872136516036,339419.2,0.47649999999999987,2.6485,2.9314999999999998,0.5436,0.5386,-0.017889087656529523,-0.051878354203935606,-0.04472271914132386,-0.6682571975867413,-0.22082898580024135
2022-11-18,0.559,0.549,0.563,0.546,716299,79455853.4,3.04,-1.79,-0.01,6.19,0.0871287128712872,0.019011388124684662,357089.9,0.43599999999999994,2.7025,3.0845,0.5478,0.5395000000000001,-0.0036429872495445936,-0.04735883424408016,-0.03460837887067403,-0.7750996344004201,-0.29679389713499016
2022-11-21,0.546,0.547,0.548,0.537,257026,27918882.4,2.0,-0.36,-0.002,2.22,0.07677165354330717,0.019089959791143002,353270.8,0.38849999999999996,2.6045000000000003,3.0515,0.5512,0.5404,-0.014625228519195677,-0.054844606946983565,-0.021937842778793404,-0.825922411115407,-0.26365961100568436
2022-11-22,0.544,0.539,0.549,0.538,327963,35673790.9,2.01,-1.46,-0.008,2.83,0.08016032064128265,0.018917660782279765,341268.1,0.4039999999999999,2.577,2.9475000000000002,0.5484000000000001,0.5406000000000001,-0.0037105751391465214,-0.024118738404452666,0.0,-0.1351138762121712,-0.31448964236107935
2022-11-23,0.539,0.537,0.541,0.528,261385,27931939.9,2.41,-0.37,-0.002,2.26,0.03868471953578334,0.017402165786179043,325124.5,0.2049999999999999,2.467,2.808,0.5462,0.5413000000000001,-0.013035381750465591,-0.027932960893854775,-0.0018621973929237035,-0.12302623830243298,-0.2921235932367815
2022-11-24,0.537,0.53,0.539,0.529,267321,28404399.2,1.86,-1.3,-0.007,2.31,0.019230769230769162,0.017695258450718968,324802.15,0.11099999999999992,2.4635000000000002,2.8055,0.5404000000000001,0.542,-0.013207547169811318,0.007547169811320753,-0.0037735849056603765,1.6284087776709901,-0.2801063492426955
2022-11-25,0.53,0.523,0.534,0.523,141084,14891688.4,2.08,-1.32,-0.007,1.22,0.035643564356435675,0.01661485835099705,318279.4,0.1889999999999999,2.375,2.749,0.5352,0.5415000000000001,-0.01147227533460804,0.013384321223709472,0.013384321223709472,1.9394220372145767,-0.3305996836070786
2022-11-28,0.515,0.517,0.52,0.513,356904,36794878.3,1.34,-1.15,-0.006,3.08,-0.007677543186180413,0.015290426230802876,317774.5,-0.02700000000000008,2.234,2.7445,0.5292000000000001,0.5402,0.01740812379110257,0.03481624758220514,0.03868471953578334,2.2455583602405316,-0.3575960221521032
2022-11-29,0.517,0.526,0.527,0.516,115008,12022386.0,2.13,1.74,0.009,0.99,-0.0037878787878787845,0.015502241394392529,312867.85,-0.007000000000000084,2.2255,2.702,0.5266,0.5375000000000001,-0.0076045627376425395,0.024714828897338448,0.0019011406844107182,-0.009754895181040557,-0.0022891812742752427
2022-11-30,0.527,0.522,0.527,0.521,88205,9227565.4,1.14,-0.76,-0.004,0.76,-0.0206378986866792,0.01541875447715169,294771.6,-0.09250000000000008,2.1975000000000002,2.5454999999999997,0.5236000000000001,0.5349,0.02298850574712641,0.026819923371647514,0.009578544061302763,-0.04867049636817389,-0.02085593979655609
2022-12-01,0.531,0.534,0.536,0.526,178392,19015300.5,1.92,2.3,0.012,1.54,0.005649717514124353,0.016295673383210613,288722.1,0.04149999999999991,2.2185,2.493,0.5244,0.5324000000000001,-0.0074906367041198685,-0.011235955056179803,-0.0037453183520599342,-0.3967410283666919,-0.20914689912923534
2022-12-02,0.529,0.53,0.539,0.529,85013,9070132.7,1.87,-0.75,-0.004,0.73,-0.01851851851851849,0.0159014515106851,269871.9,-0.08050000000000009,2.2085,2.33,0.5258,0.5305,0.009433962264151052,0.0,-0.01132075471698113,-0.36948206356196656,-0.10429901654968865
2022-12-05,0.54,0.535,0.543,0.531,128368,13702215.5,2.26,0.94,0.005,1.11,-0.005576208178438624,0.016046558204812572,259713.5,-0.01500000000000008,2.164,2.2425,0.5294000000000001,0.5293,0.007476635514018781,0.0037383177570093906,-0.04112149532710285,-0.20979027892850088,-0.08007600005021254
2022-12-06,0.535,0.539,0.544,0.533,812692,87926398.4,2.06,0.75,0.004,7.02,0.003724394785847407,0.01613006181111937,287183.5,0.03199999999999992,2.1925,2.4799999999999995,0.532,0.5293,-0.005565862708719838,-0.02226345083487946,-0.0575139146567718,0.020274421687340283,-0.09293551233145403
2022-12-07,0.538,0.536,0.54,0.534,158125,16970224.4,1.11,-0.56,-0.003,1.37,0.01132075471698113,0.015889527200816395,287083.9,0.06899999999999992,2.164,2.4795000000000003,0.5347999999999999,0.5292,-0.014925373134328401,-0.016791044776119368,-0.059701492537313494,0.06838734403120372,-0.09659803728059257
2022-12-08,0.532,0.528,0.536,0.527,230540,24407145.5,1.68,-1.49,-0.008,1.99,0.009560229445506607,0.015972980390348696,263594.75,0.06049999999999992,2.1350000000000002,2.2764999999999995,0.5336000000000001,0.5290000000000001,0.0037878787878788955,0.007575757575757569,-0.04924242424242431,0.1938593608282464,-0.14079494390001257
2022-12-09,0.527,0.53,0.532,0.524,236008,24979705.6,1.52,0.38,0.002,2.04,0.0037878787878788955,0.015854182320300766,264882.3,0.031499999999999924,2.1155,2.2875,0.5336000000000001,0.5297,0.013207547169811429,-0.01132075471698113,-0.05471698113207557,0.4033416310887272,-0.1170428308310878
2022-12-12,0.53,0.537,0.54,0.527,170779,18309809.616,2.45,1.32,0.007,1.48,0.013207547169811429,0.01610102465736284,266396.85,0.07849999999999993,2.1435,2.301,0.534,0.5317000000000001,-0.01862197392923648,-0.04469273743016766,-0.05027932960893855,0.1851521841280519,-0.013775930453656215
2022-12-13,0.538,0.527,0.538,0.527,97057,10296790.3,2.05,-1.86,-0.01,0.84,-0.047016274864376206,0.0131656541686645,258749.85,-0.2315000000000001,2.0195,2.2350000000000003,0.5316000000000001,0.5317999999999999,0.0,-0.036053130929791344,-0.026565464895635715,-0.07750215346691036,-0.11948729288155746
2022-12-14,0.533,0.527,0.535,0.526,78722,8359813.1,1.71,0.0,0.0,0.68,-0.038321167883211715,0.013077746401837972,256380.8,-0.18650000000000005,2.0145000000000004,2.2145,0.5298,0.5323,0.009487666034155628,-0.0436432637571158,-0.0379506641366224,-0.13718580622368926,-0.07751489967722314
2022-12-15,0.526,0.532,0.537,0.525,106086,11315114.64,2.28,0.95,0.005,0.92,-0.04830053667262968,0.012336091649562194,240648.85,-0.23950000000000005,1.9459999999999997,2.0789999999999997,0.5306000000000001,0.5321,-0.015037593984962405,-0.0563909774436091,-0.048872180451127845,-0.4649286441919225,0.008235139050067009
2022-12-16,0.531,0.524,0.531,0.524,89121,9362476.6,1.32,-1.5,-0.008,0.77,-0.04553734061930792,0.012162917576393158,209289.95,-0.2250000000000001,1.8599999999999999,1.8080000000000003,0.5294000000000001,0.5315000000000001,-0.020992366412213803,-0.043893129770992356,-0.028625954198473358,-0.479864844369846,-0.07083391279804796
2022-12-19,0.532,0.513,0.532,0.512,95789,9898349.7,3.82,-2.1,-0.011,0.83,-0.0621572212065814,0.012865336678052203,201228.1,-0.31200000000000006,1.9509999999999998,1.7384999999999997,0.5246000000000001,0.5293,-0.00974658869395717,-0.005847953216374324,0.015594541910331383,-0.15806346767560675,-0.06968684513404488
2022-12-20,0.513,0.508,0.517,0.507,157774,16086168.3,1.95,-0.97,-0.005,1.36,-0.0575139146567718,0.012680736600723571,192718.65,-0.28750000000000003,1.948,1.6649999999999998,0.5208,0.5262,-0.007874015748031482,0.009842519685039353,0.019685039370078705,-0.1561942929738317,-0.05396817435711776
2022-12-21,0.507,0.504,0.512,0.502,81408,8231547.0,1.97,-0.79,-0.004,0.7,-0.06145251396648055,0.01272915356525802,183719.8,-0.3085000000000001,1.9259999999999997,1.5870000000000002,0.5162,0.523,-0.003968253968253954,0.005952380952380931,0.037698412698412787,-0.016938412670622904,-0.08409707990013615
2022-12-22,0.508,0.502,0.508,0.5,234258,23635005.8,1.59,-0.4,-0.002,2.02,-0.05283018867924538,0.012515950025086353,182066.65,-0.26350000000000007,1.9125,1.5725,0.5102,0.5204,-0.0019920318725099584,0.007968127490039834,0.03984063745019917,0.6681635561997432,-0.06451637253533327
2022-12-23,0.5,0.501,0.504,0.497,75193,7520368.3,1.39,-0.2,-0.001,0.65,-0.042065009560229516,0.012266117486559093,178772.1,-0.2075000000000001,1.8779999999999997,1.544,0.5056,0.5175000000000001,0.017964071856287456,0.015968063872255467,0.0479041916167664,0.4789133089017539,-0.053388169347783676
2022-12-26,0.501,0.51,0.511,0.499,142153,14438948.1,2.4,1.8,0.009,1.23,-0.013539651837524147,0.01283217460190665,168034.55,-0.060000000000000074,1.9310000000000003,1.4514999999999998,0.505,0.5147999999999999,0.00588235294117645,0.021568627450980316,0.02941176470588247,0.16730333010667775,-0.20857327356938116
2022-12-27,0.512,0.513,0.513,0.507,58531,5967303.5,1.18,0.59,0.003,0.51,-0.024714828897338448,0.012225169973084881,165210.7,-0.11750000000000009,1.8835000000000002,1.4275,0.506,0.5134000000000001,-0.011695906432748537,0.00974658869395717,0.013645224171539905,0.33301282235636886,-0.11098547383585522
2022-12-28,0.512,0.507,0.512,0.505,62549,6338041.4,1.36,-1.17,-0.006,0.54,-0.028735632183908066,0.012371693057957886,163927.9,-0.13800000000000007,1.8945,1.4164999999999999,0.5065999999999999,0.5114000000000001,-0.0019723865877712132,0.03155818540433919,0.027613412228796763,0.017139888856418484,-0.22254907522963452
2022-12-29,0.504,0.506,0.512,0.504,44903,4561483.5,1.58,-0.2,-0.001,0.39,-0.05243445692883897,0.010962344394697886,157253.45,-0.26300000000000007,1.8775,1.359,0.5074,0.5088,0.005928853754940677,0.031620553359683834,0.031620553359683834,0.03431120664496645,-0.1718286148861653
2022-12-30,0.514,0.509,0.514,0.507,33054,3359499.4,1.38,0.59,0.003,0.29,-0.03962264150943395,0.011059571912897312,154655.5,-0.1960000000000001,1.8530000000000002,1.337,0.509,0.5073000000000001,0.023575638506876162,0.03143418467583503,0.047151277013752546,0.04228756772084341,-0.012508683499498963
2023-01-03,0.506,0.521,0.522,0.506,108146,11132018.3,3.14,2.36,0.012,0.93,-0.0261682242990654,0.01221786583372268,153644.4,-0.12500000000000006,1.8970000000000002,1.3279999999999998,0.5112,0.5081,-0.0057581573896353655,0.007677543186180413,0.03454894433781197,-0.5258400118633658,-0.24126253874624126
2023-01-04,0.521,0.518,0.523,0.514,280925,29073031.0,1.73,-0.58,-0.003,2.43,-0.038961038961038974,0.012077712953453041,127056.05,-0.1915000000000001,1.8805,1.0985,0.5122,0.5091,0.009652509652509744,0.0038610038610038533,0.04826254826254828,-0.45959743367307204,-0.26552886397676656
2023-01-05,0.518,0.523,0.524,0.516,99184,10330378.4,1.54,0.97,0.005,0.86,-0.02425373134328357,0.01231275655309883,124109.0,-0.11500000000000007,1.902,1.073,0.5154,0.511,-0.0019120458891013214,-0.003824091778202643,0.06309751434034427,-0.5051120677932209,-0.067277062682084
2023-01-06,0.524,0.522,0.525,0.52,65961,6887003.9,0.96,-0.19,-0.001,0.57,-0.011363636363636354,0.01188310538558569,115880.05,-0.050000000000000086,1.866,1.002,0.5186,0.513,0.005747126436781658,0.0,0.06896551724137945,-0.49914278630083386,-0.08636426384343732
2023-01-09,0.524,0.525,0.528,0.52,120520,12650993.1,1.53,0.57,0.003,1.04,-0.009433962264150941,0.011928340964177707,110105.65,-0.04050000000000008,1.8664999999999998,0.9520000000000002,0.5218,0.5154,0.0,0.015238095238095273,0.07999999999999985,-0.027198611347453494,-0.030287357318689367
2023-01-10,0.525,0.525,0.529,0.522,175265,18423640.449,1.33,0.0,0.0,1.51,-0.022346368715083775,0.011492624438338513,110329.95,-0.10650000000000008,1.8105,0.9535,0.5226,0.5169,-0.00952380952380949,0.026666666666666616,0.05714285714285716,0.8674941831861211,0.4196512376255974
2023-01-11,0.527,0.52,0.529,0.519,298191,31204009.1,1.9,-0.95,-0.005,2.58,-0.013282732447817858,0.010927327705437109,120386.65,-0.06100000000000009,1.8029999999999997,1.0405000000000002,0.5229999999999999,0.5176000000000001,0.0019230769230769162,0.044230769230769296,0.0923076923076922,0.07907655768806854,0.3169161736464965
2023-01-12,0.524,0.521,0.524,0.517,195583,20322813.6,1.35,0.19,0.001,1.69,-0.011385199240986688,0.010941445856128674,126229.7,-0.05150000000000009,1.7849999999999997,1.091,0.5226000000000001,0.519,0.0019193857965451588,0.06717850287907878,0.09596928982725506,0.6323779188849137,0.45293142591885016
2023-01-13,0.525,0.522,0.525,0.518,231166,24015374.7,1.34,0.19,0.001,2.0,-0.018796992481203034,0.010705604773782271,132483.7,-0.0895000000000001,1.7380000000000002,1.145,0.5226,0.5206000000000001,0.021072796934865856,0.06896551724137945,0.10344827586206895,0.5287039550864876,0.44853253846685015
2023-01-16,0.522,0.533,0.537,0.52,170669,18147457.2,3.26,2.11,0.011,1.47,0.01717557251908408,0.011227060602943028,136561.1,0.0909999999999999,1.8350000000000002,1.1800000000000002,0.5242,0.523,0.011257035647279645,0.06378986866791725,0.0750469043151969,-0.28822138192862545,0.24519901118852028
2023-01-17,0.533,0.539,0.543,0.533,194959,21031534.092,1.88,1.13,0.006,1.68,0.050682261208577106,0.010182905298566728,141519.6,0.2524999999999999,1.7380000000000002,1.2225000000000001,0.527,0.5248,0.007421150278293043,0.029684601113172615,0.06122448979591821,0.4903293083036897,0.5285106506983139
2023-01-18,0.543,0.543,0.546,0.539,451518,49056775.271,1.3,0.74,0.004,3.9,0.06889763779527569,0.00981089194346019,156206.8,0.3379999999999999,1.7055,1.3495,0.5316000000000001,0.5273000000000001,0.023941068139963217,0.046040515653775094,0.04051565377532218,1.3691644781099805,0.7676543193570029
2023-01-19,0.543,0.556,0.556,0.542,385554,42499450.88,2.58,2.39,0.013,3.33,0.10317460317460325,0.010448274378767523,171414.1,0.4969999999999999,1.736,1.4809999999999999,0.5386000000000001,0.5306,0.003597122302158251,0.026978417266186883,0.05215827338129486,0.8335045112354793,0.6322086921303576
2023-01-20,0.557,0.558,0.562,0.555,1079685,120859342.3,1.26,0.36,0.002,9.33,0.11155378486055789,0.01024244448312897,213685.45,0.5349999999999999,1.7194999999999996,1.8465,0.5458000000000001,0.5342,0.01612903225806428,0.03225806451612878,0.03763440860215028,0.9381567532634594,0.7590789687025177
2023-01-30,0.567,0.567,0.571,0.563,644254,73064074.656,1.43,1.61,0.009,5.57,0.1317365269461077,0.010359482554429459,242138.5,0.6255,1.7215,2.0925000000000002,0.5526000000000001,0.5384,-0.02116402116402094,0.010582010582010692,0.02645502645502651,1.0983370520427127,0.6377996847676957
2023-01-31,0.565,0.555,0.565,0.555,449164,50111535.4,1.76,-2.12,-0.012,3.88,0.08823529411764719,0.01164700112574561,257489.05,0.4294999999999999,1.6895,2.225,0.5558,0.5414,0.023423423423423184,0.03063063063063054,0.04504504504504481,-0.34812078505857746,0.09233613872290891
2023-02-01,0.555,0.568,0.568,0.555,283707,31953641.35,2.34,2.34,0.013,2.45,0.1072124756335282,0.012407935850035452,268747.85,0.5169999999999999,1.7474999999999998,2.322,0.5608,0.5462,0.005281690140845008,-0.005281690140845119,0.04401408450704225,-0.5567363031919867,0.08977400265094859
2023-02-02,0.569,0.571,0.577,0.569,605222,69233884.7,1.41,0.53,0.003,5.23,0.12623274161735698,0.011756403516500053,295881.5,0.6019999999999999,1.75,2.5565,0.5638,0.5512,0.008756567425569184,0.024518388791593626,0.014010507880910739,0.09798023213298923,0.28164169190038724
2023-02-03,0.569,0.576,0.578,0.565,867197,99492474.496,2.28,0.88,0.005,7.49,0.13833992094861647,0.011616124969000581,336996.2,0.6559999999999999,1.7850000000000001,2.9115,0.5673999999999999,0.5566,-0.00520833333333337,0.005208333333333259,-0.027777777777777568,0.15335430886002221,0.5192048887761522
2023-02-06,0.573,0.573,0.58,0.57,641660,73467239.3,1.74,-0.52,-0.003,5.54,0.12573673870333968,0.011911344726422577,367426.5,0.6004999999999999,1.8029999999999997,3.1740000000000004,0.5686,0.5606,-0.0017452006980802626,0.015706806282722585,-0.0017452006980802626,0.1597552852257862,0.6011164147743757
2023-02-07,0.572,0.572,0.575,0.569,720080,82279084.2,1.05,-0.17,-0.001,6.22,0.09788867562380021,0.011274290042556145,398023.2,0.4739999999999999,1.6985,3.4385,0.572,0.5639000000000001,-0.012237762237762295,0.013986013986013957,-0.0017482517482517723,0.7389846493852099,0.5767438787496135
2023-02-08,0.575,0.565,0.575,0.565,627055,71489162.2,1.75,-1.22,-0.007,5.42,0.09073359073359066,0.011677741516107764,415329.7,0.4419999999999999,1.6995,3.5879999999999996,0.5713999999999999,0.5660999999999999,0.03539823008849563,0.04955752212389375,0.010619469026548645,1.2497711475500277,0.42458877365758174
2023-02-09,0.565,0.585,0.585,0.561,674017,77537854.1,4.25,3.54,0.02,5.82,0.11854684512428282,0.013553657295719484,444071.35,0.5704999999999999,1.8350000000000002,3.836,0.5741999999999999,0.569,-0.01025641025641022,-0.01025641025641022,-0.027350427350427364,-0.07511424407357281,0.029388005084902247
2023-02-10,0.585,0.579,0.587,0.575,919279,107091141.3,2.05,-1.03,-0.006,7.94,0.10919540229885039,0.013923809828011996,486737.25,0.5285,1.8895,4.2045,0.5748,0.5710999999999999,0.005181347150259086,-0.032815198618307284,-0.022452504317789335,0.13346167081822258,-0.022090012383917723
2023-02-13,0.579,0.582,0.584,0.577,639565,74239343.9,1.21,0.52,0.003,5.52,0.10857142857142854,0.013923399691087234,512689.5,0.5259999999999999,1.8735,4.4285,0.5766,0.5725999999999999,-0.0034364261168384758,-0.01718213058419249,-0.03951890034364247,0.3122465632006628,0.011770499811810886
2023-02-14,0.583,0.58,0.588,0.577,694058,80688795.6,1.89,-0.34,-0.002,6.0,0.10476190476190461,0.01401262277961158,538629.15,0.5089999999999999,1.9015,4.6530000000000005,0.5782,0.5751,0.022413793103448265,-0.01551724137931032,-0.022413793103448265,0.3042031448006717,0.20702330543565672
2023-02-15,0.58,0.593,0.593,0.579,882259,103584464.024,2.41,2.24,0.013,7.62,0.14038461538461533,0.014079645409973803,567832.55,0.6685,1.927,4.905,0.5838,0.5775999999999999,-0.02360876897133224,-0.03709949409780777,-0.025295109612141653,0.13686025869141427,0.18910768443385884
2023-02-16,0.592,0.579,0.6,0.577,2089310,123407565.702,3.88,-2.36,-0.014,18.05,0.1113243761996161,0.015608452233554271,662518.9,0.5409999999999999,2.0535,5.723,0.5826,0.5784,-0.032815198618307284,-0.01727115716753025,-0.003454231433506094,0.1236955087559588,-0.07216205527301645
2023-02-17,0.578,0.56,0.581,0.56,2081484,117972892.652,3.63,-3.28,-0.019,17.98,0.07279693486590055,0.017796045423170728,755034.8,0.36749999999999994,2.168,6.522,0.5788,0.5768,0.021428571428571352,0.010714285714285454,0.03214285714285703,-0.5067754070297978,-0.4410757629181761
2023-02-20,0.559,0.572,0.575,0.558,1645369,93440504.6,3.04,2.14,0.012,14.21,0.07317073170731692,0.01781452478090851,828769.8,0.36899999999999994,2.157,7.159000000000001,0.5768,0.5767,-0.0017482517482517723,-0.022727272727272596,0.012237762237762295,-0.8110331596243371,-0.5688796452495007
2023-02-21,0.572,0.571,0.58,0.568,1547677,88958313.1,2.1,-0.17,-0.001,13.37,0.05936920222634501,0.017760971715066697,896405.7,0.30399999999999994,2.168,7.743499999999999,0.575,0.5765999999999999,0.0,-0.007005253940455369,-0.012259194395796813,-0.6102680590318061,-0.4104389711725883
2023-02-22,0.568,0.571,0.575,0.563,1083630,61652832.7,2.1,0.0,0.0,9.36,0.05156537753222823,0.017742081637898886,928011.3,0.26699999999999996,2.2079999999999997,8.0165,0.5706,0.5772,-0.003502626970227629,0.012259194395796813,-0.003502626970227629,-0.3623549693303877,-0.37953254411827264
2023-02-23,0.569,0.569,0.572,0.564,1171637,66656769.8,1.4,-0.35,-0.002,10.12,0.02338129496402863,0.017058169998489837,967315.45,0.12999999999999995,2.149,8.356,0.5686,0.5756,-0.005272407732864637,0.01405975395430592,0.007029876977152849,-0.30442399878901105,-0.23685732913725954
2023-02-24,0.566,0.566,0.572,0.563,1176849,66792597.7,1.58,-0.53,-0.003,10.17,0.014336917562723928,0.017110366250558954,972173.65,0.08549999999999994,2.165,8.398,0.5698,0.5743,-0.012367491166077604,0.021201413427561766,0.0,0.16458402336178346,-0.19833061133357277
2023-02-27,0.565,0.559,0.567,0.558,1353138,76138866.8,1.59,-1.24,-0.007,11.69,-0.014109347442680553,0.016956954532608755,1007617.85,-0.05700000000000007,2.173,8.703999999999999,0.5671999999999999,0.5719999999999998,0.014311270125223485,0.035778175313058824,0.03398926654740597,0.926876576151626,-0.1604074766675626
2023-02-28,0.564,0.567,0.57,0.557,1589519,89634086.6,2.33,1.43,0.008,13.73,0.0216216216216214,0.016540099195348698,1064635.6,0.12049999999999991,2.2015000000000002,9.1965,0.5664,0.5707,0.01940035273368612,-0.005291005291005346,0.022927689594356204,0.6455266063510108,-0.2323054395365075
2023-03-01,0.566,0.578,0.58,0.564,2417288,138951197.0,2.82,1.94,0.011,20.88,0.01760563380281699,0.016277986716572948,1171314.65,0.10049999999999995,2.2255,10.118,0.5678,0.5692,-0.0017301038062284002,-0.01557093425605538,0.0,-0.020915152022570438,-0.2867334951385988
2023-03-02,0.578,0.577,0.583,0.575,2029830,117279603.5,1.38,-0.17,-0.001,17.53,0.01050788091068311,0.01625637938277848,1242545.05,0.06549999999999993,2.2239999999999998,10.733,0.5694,0.569,0.0017331022530329143,-0.006932409012131768,-0.008665511265164683,0.04908256244409914,-0.18737252679089278
2023-03-03,0.577,0.578,0.581,0.57,1268369,72931673.1,1.91,0.17,0.001,10.96,0.003472222222222321,0.01614749528912152,1262603.65,0.029999999999999933,2.2055000000000002,10.9065,0.5718,0.5708,0.0017301038062282892,-0.02076124567474047,0.02249134948096887,0.15606160913723732,0.5055416327250501
2023-03-06,0.577,0.579,0.58,0.574,1121101,64743624.537,1.04,0.17,0.001,9.68,0.010471204188481575,0.016097450076158447,1286575.7,0.06449999999999993,2.1705,11.113499999999998,0.5757999999999999,0.5715,-0.025906735751295318,-0.0017271157167529916,0.022452504317789224,1.0307874975660747,0.8300545301528208
2023-03-07,0.579,0.564,0.58,0.562,1070272,61231417.0,3.11,-2.59,-0.015,9.25,-0.013986013986013957,0.017157881434871812,1304085.3,-0.056500000000000064,2.2735,11.264999999999999,0.5751999999999999,0.5708,0.00886524822695045,0.028368794326241176,0.05673758865248235,-0.2586948698181326,0.08449034864606397
2023-03-08,0.563,0.569,0.57,0.561,972158,55170438.6,1.6,0.89,0.005,8.4,0.0070796460176991705,0.017050765654263333,1321340.45,0.04899999999999994,2.266,11.414,0.5733999999999999,0.5706,0.007029876977152849,0.01581722319859402,0.061511423550087985,-0.06626673843703801,0.06656049732662939
2023-03-09,0.571,0.573,0.575,0.567,1221371,69765847.2,1.41,0.7,0.004,10.55,-0.02051282051282055,0.015057505193837058,1348708.15,-0.09300000000000007,2.1239999999999997,11.650500000000001,0.5725999999999999,0.571,-0.012216404886561949,-0.0017452006980802626,0.09598603839441555,-0.04272381110278789,0.3303787960370441
2023-03-10,0.57,0.566,0.575,0.566,1680642,95844665.5,1.57,-1.22,-0.007,14.52,-0.022452504317789335,0.015127631342329953,1386776.3,-0.10250000000000008,2.1,11.9795,0.5702,0.571,0.021201413427561766,0.044169611307420586,0.1236749116607776,0.22255252805773207,0.15400597594145804
2023-03-13,0.563,0.578,0.579,0.562,1362462,77794349.063,3.0,2.12,0.012,11.77,-0.0068728522336769515,0.015879048053793542,1422921.15,-0.022500000000000075,2.1895,12.292,0.5700000000000001,0.5729,0.0034602076124568004,0.02422145328719716,0.09515570934256057,-0.10587897281221337,0.1263377330262374
2023-03-14,0.575,0.58,0.583,0.568,1101790,63307839.25,2.6,0.35,0.002,9.52,0.0,0.015880511176450063,1443307.75,0.011999999999999924,2.225,12.468,0.5731999999999999,0.5742,-0.0034482758620689724,0.02758620689655178,0.05689655172413799,0.38976032268923966,0.4941101519293307
2023-03-15,0.581,0.578,0.59,0.576,1682208,97988893.5,2.41,-0.34,-0.002,14.53,-0.025295109612141653,0.014998095507963723,1483305.2,-0.11700000000000008,2.225,12.8135,0.575,0.5741999999999999,-0.01038062283737029,0.04498269896193774,0.0830449826989621,0.29449948093412415,0.6673742808140148
2023-03-16,0.575,0.572,0.581,0.571,1280118,73708456.9,1.73,-1.04,-0.006,11.06,-0.012089810017271163,0.014228542054581694,1442845.6,-0.0510000000000001,2.1175,12.463999999999999,0.5748,0.5736999999999999,0.03321678321678334,0.09790209790209792,0.0944055944055946,0.23457880963278432,0.553087833990636
2023-03-17,0.575,0.591,0.594,0.575,2844148,167096476.8,3.32,3.32,0.019,24.57,0.05535714285714266,0.013997406522895231,1480978.8,0.2789999999999999,2.102,12.7935,0.5798,0.575,0.0016920473773265332,0.07614213197969555,0.08629441624365497,-0.18344521267745373,0.14352856787310575
2023-03-20,0.591,0.592,0.602,0.588,1319990,78632586.92,2.37,0.17,0.001,11.4,0.034965034965035,0.013292183984392133,1464709.85,0.18049999999999986,2.0685,12.653,0.5826,0.5762999999999999,0.006756756756756799,0.0692567567567568,0.12331081081081097,-0.023196307839748465,0.23871429361318008
2023-03-21,0.593,0.596,0.596,0.587,1319266,78262260.0,1.52,0.68,0.004,11.4,0.04378283712784592,0.01330861639961677,1453289.3,0.22299999999999986,2.0395000000000003,12.5545,0.5858000000000001,0.5794999999999999,0.01342281879194629,0.028523489932885893,0.12416107382550345,0.5741720912468327,0.527135740236736
2023-03-22,0.595,0.604,0.605,0.591,1664147,99705685.886,2.35,1.34,0.008,14.38,0.05779334500875666,0.01352697256700183,1482315.15,0.28999999999999987,2.052,12.8055,0.591,0.583,0.039735099337748325,0.036423841059602724,0.12913907284768222,0.679063970115179,0.511755352083977
2023-03-23,0.604,0.628,0.63,0.601,3394258,210211002.492,4.8,3.97,0.024,29.32,0.1036906854130053,0.015726238350720022,1593446.2,0.5059999999999999,2.2220000000000004,13.7655,0.6022000000000001,0.5885,0.01273885350318471,-0.0031847133757961776,0.09235668789808926,0.2109069324272994,0.06933799416659192
2023-03-24,0.628,0.636,0.637,0.621,3769444,237099547.2,2.55,1.27,0.008,32.56,0.1236749116607776,0.015618651533752156,1723075.95,0.5959999999999999,2.2704999999999997,14.885,0.6112,0.5955,-0.004716981132075526,0.009433962264151052,0.03930817610062887,0.5592957516172576,0.4865254661585403
2023-03-27,0.634,0.633,0.642,0.621,4299416,272959111.0,3.3,-0.47,-0.003,37.14,0.1323792486583184,0.01523507695341231,1870389.85,0.6344999999999998,2.3560000000000003,16.1575,0.6194,0.601,-0.03159557661927337,0.050552922590837435,0.03791469194312791,0.6391710935480965,0.45231803899454004
2023-03-28,0.63,0.613,0.631,0.613,1845100,114736363.978,2.84,-3.16,-0.02,15.94,0.08112874779541457,0.017291120272216777,1883168.9,0.4049999999999999,2.3815,16.268,0.6228,0.6043,0.021207177814029476,0.09298531810766719,0.10114192495921714,-0.45592377210874113,0.006921121225123006
2023-03-29,0.612,0.626,0.636,0.609,2405977,149357212.9,4.4,2.12,0.013,20.78,0.0830449826989621,0.017380037445601567,1882603.35,0.41399999999999987,2.4605,16.263,0.6272,0.6091,0.0,0.08945686900958472,0.036741214057508076,-0.4754712167434495,0.2070142788978797
2023-03-30,0.627,0.626,0.631,0.616,1520939,95127160.2,2.4,0.0,0.0,13.14,0.08492201039861369,0.017353569404773065,1857158.8,0.4224999999999999,2.5115,16.0435,0.6268,0.6145,0.025559105431310014,0.09584664536741228,0.05591054313099053,-0.37829632518446255,0.2709271045462591
2023-03-31,0.622,0.642,0.642,0.618,1996905,125278105.2,3.83,2.56,0.016,17.25,0.11072664359861606,0.017979919093727377,1893585.6,0.5419999999999999,2.6075,16.358,0.6279999999999999,0.6195999999999999,0.03582554517133962,0.029595015576324046,0.02024922118380057,0.16144430568453094,0.2958204068948427
2023-04-03,0.642,0.665,0.669,0.642,3399577,224224690.8,4.21,3.58,0.023,29.37,0.14853195164076016,0.0191877107516469,2007509.4,0.7124999999999999,2.7659999999999996,17.3425,0.6344,0.6269,0.007518796992481258,-0.012030075187969946,-0.019548872180451093,-0.21809947172249045,0.057197218591440446
2023-04-04,0.664,0.67,0.681,0.661,2162647,144836274.2,3.01,0.75,0.005,18.68,0.18794326241134773,0.017544788106258768,2062128.15,0.8794999999999998,2.761,17.814,0.6458,0.6343,0.017910447761193993,0.00746268656716409,-0.0313432835820896,0.7314748689263499,0.04706330460403052
2023-04-06,0.659,0.682,0.693,0.659,1925124,130822225.6,5.07,1.79,0.012,16.63,0.19859402460456965,0.017662915835309868,2109776.45,0.9244999999999999,2.9345,18.2255,0.657,0.6421,0.0058651026392961825,-0.048387096774193616,-0.021994134897360684,0.9845970812070992,0.10114705259807688
2023-04-07,0.682,0.686,0.687,0.675,2385026,162508938.5,1.76,0.59,0.004,20.6,0.19720767888307167,0.017672524630702843,2167959.2,0.9189999999999998,2.952,18.728,0.669,0.6479,-0.036443148688046656,-0.036443148688046656,-0.08017492711370267,1.420402750964544,0.4991243033630124
2023-04-10,0.687,0.661,0.69,0.654,2249481,151578434.782,5.25,-3.64,-0.025,19.43,0.16784452296819796,0.019906005663443447,2196401.15,0.7979999999999998,3.136,18.973499999999998,0.6728000000000001,0.6504000000000001,-0.00605143721633894,-0.009077155824508298,-0.06354009077155831,-0.02716524201810111,0.13341635550463815
2023-04-11,0.655,0.657,0.668,0.649,1849267,122091590.231,2.87,-0.61,-0.004,15.97,0.13667820069204173,0.019885817263263557,2220741.4,0.6614999999999999,3.1294999999999997,19.183500000000002,0.6712,0.6528,0.027397260273972712,-0.007610350076103556,-0.07153729071537296,0.23509858861356236,0.13602824460100482
2023-04-12,0.657,0.675,0.679,0.655,1564489,104499984.1,3.65,2.74,0.018,13.51,0.16379310344827602,0.0203997351465565,2243876.35,0.7809999999999999,3.182,19.383000000000003,0.6722,0.659,-0.03851851851851851,-0.03851851851851851,-0.11851851851851858,-0.1785430246889339,0.16075071869105817
2023-04-13,0.671,0.649,0.672,0.647,2628287,172792515.5,3.7,-3.85,-0.026,22.7,0.12283737024221475,0.022786140347377,2291180.3,0.6054999999999999,3.2465,19.7915,0.6656000000000001,0.6613,0.018489984591679498,0.027734976887519247,-0.09707241910631748,-0.41719681118227747,-0.11198868745657042
2023-04-14,0.652,0.661,0.663,0.638,2278317,148398484.7,3.85,1.85,0.012,19.68,0.15559440559440585,0.022603755072091437,2341090.25,0.7499999999999998,3.3525,20.2225,0.6606000000000001,0.6648,-0.009077155824508298,-0.0453857791225416,-0.09228441754916805,-0.03910290401756855,-0.09286976836713356
2023-04-17,0.661,0.655,0.662,0.65,1517810,99676524.7,1.82,-0.91,-0.006,13.11,0.10829103214890035,0.022042683721028956,2274773.35,0.5384999999999998,3.2775,19.6495,0.6594,0.6661,-0.004580152671755711,-0.05496183206106875,-0.10534351145038179,0.14105348606026857,-0.0534085689303998
2023-04-18,0.652,0.652,0.657,0.641,1343063,86966628.6,2.44,-0.46,-0.003,11.6,0.10135135135135154,0.022142395270932067,2275927.0,0.5069999999999999,3.281,19.6595,0.6584000000000001,0.6648000000000001,-0.004601226993865004,-0.0644171779141105,-0.11349693251533755,0.13590872155081657,0.06695813021277552
2023-04-19,0.65,0.649,0.664,0.648,1539006,100849752.5,2.45,-0.46,-0.003,13.29,0.0889261744966443,0.02224234338090189,2286914.0,0.44999999999999984,3.3274999999999997,19.753999999999998,0.6532,0.6627000000000001,0.027734976887519247,-0.08320493066255785,-0.09861325115562414,0.4400192528487401,0.12943244805069298
2023-04-20,0.649,0.667,0.667,0.648,1335122,87911840.232,2.93,2.77,0.018,11.53,0.10430463576158955,0.02276839618027044,2270462.75,0.5214999999999999,3.3564999999999996,19.6115,0.6567999999999999,0.6612,-0.05397301349325345,-0.12143928035982021,-0.1289355322338832,0.0009597692609104591,-0.0910640302654343
2023-04-21,0.666,0.631,0.666,0.631,1673746,108482904.9,5.25,-5.4,-0.036,14.46,0.004777070063694211,0.02483952745660692,2184437.15,0.052999999999999846,3.379,18.8685,0.6508,0.6557000000000001,-0.019017432646592725,-0.04912836767036455,-0.08874801901743268,-0.3391553774349262,-0.4473881557639837
2023-04-24,0.629,0.619,0.635,0.615,1816136,113273156.6,3.17,-1.9,-0.012,15.69,-0.026729559748427723,0.025032556935762982,2086771.75,-0.10550000000000015,3.41,18.025,0.6436,0.6515,-0.014539579967689842,-0.05331179321486268,-0.07269789983844921,-0.3267664278885656,-0.42695291259049584
2023-04-25,0.617,0.61,0.62,0.602,1577593,96719194.9,2.91,-1.45,-0.009,13.63,-0.0363349131121643,0.025203990913892728,1950680.6,-0.15450000000000014,3.3905000000000003,16.8495,0.6352,0.6468,-0.024590163934426257,-0.05245901639344264,-0.06885245901639347,-0.32357238960200785,-0.4356080395273857
2023-04-26,0.607,0.595,0.614,0.585,1852752,110430659.7,4.75,-2.46,-0.015,16.0,-0.029363784665579096,0.024809975521901596,1951063.2,-0.11950000000000013,3.4859999999999998,16.8525,0.6244,0.6388,-0.015126050420168125,-0.01680672268907568,-0.036974789915966366,-0.3122545771729839,-0.4037972410206463
2023-04-27,0.587,0.586,0.599,0.581,1804027,106207604.8,3.03,-1.51,-0.009,15.58,-0.06389776357827481,0.024410345562701347,1920965.7,-0.30100000000000016,3.4174999999999995,16.592499999999998,0.6082000000000001,0.6325000000000001,0.023890784982935287,-0.008532423208191142,-0.03242320819112632,0.1710204940004596,-0.3726208067847664
2023-04-28,0.584,0.6,0.601,0.583,1611929,95897064.755,3.07,2.39,0.014,13.92,-0.04153354632587858,0.025139115982454493,1925515.2,-0.18150000000000016,3.4510000000000005,16.6315,0.602,0.6264000000000001,-0.023333333333333317,-0.04166666666666674,-0.046666666666666745,-0.32562648011164785,-0.5080806047711224
2023-05-04,0.597,0.586,0.597,0.582,1550073,90880997.6,2.5,-2.33,-0.014,13.39,-0.08722741433021819,0.024710507966980266,1903173.6,-0.42600000000000016,3.3845,16.438499999999998,0.5954,0.6195,-0.013651877133105783,-0.020477815699658675,-0.013651877133105783,-0.493709296558973,-0.5660408987883893
2023-05-05,0.584,0.578,0.59,0.576,1310086,76323098.5,2.39,-1.37,-0.008,11.32,-0.13082706766917307,0.022896149893851556,1798699.05,-0.6735000000000001,3.2934999999999994,15.535999999999998,0.589,0.6121,0.01211072664359869,-0.01730103806228378,0.01384083044982698,-0.5270044627415351,-0.5637913254306579
2023-05-08,0.582,0.585,0.588,0.577,1903252,111122911.3,1.9,1.21,0.007,16.44,-0.1268656716417912,0.023068974784702295,1785729.3,-0.6505000000000002,3.2380000000000004,15.423999999999998,0.587,0.6056999999999999,-0.006837606837606813,-0.02051282051282055,-0.011965811965811923,-0.6010302986229504,-0.5735291053411686
2023-05-09,0.586,0.581,0.594,0.579,2052354,120332060.4,2.56,-0.68,-0.004,17.73,-0.14809384164222883,0.022342711234195876,1792090.8,-0.7740000000000002,3.1125,15.479,0.5860000000000001,0.5971,-0.010327022375215211,-0.024096385542168752,-0.015490533562822706,-0.5584701895483624,-0.48536002307902826
2023-05-10,0.579,0.575,0.584,0.57,1719813,98916273.7,2.41,-1.03,-0.006,14.86,-0.16180758017492725,0.022115889509188254,1758830.15,-0.8550000000000002,3.145,15.192000000000002,0.581,0.5915,-0.0017391304347825765,-0.00521739130434784,-0.01043478260869568,-0.25886169789764535,-0.3247799712961247
2023-05-11,0.577,0.574,0.583,0.573,1467934,84514172.0,1.74,-0.17,-0.001,12.68,-0.13161875945537072,0.02115286868023349,1719752.8,-0.6815000000000002,2.9695,14.854500000000002,0.5786,0.587,-0.010452961672473893,0.006968641114982521,0.0,0.08052212901560041,-0.2846332238405822
2023-05-12,0.574,0.568,0.578,0.566,1182393,67581562.6,2.09,-1.05,-0.006,10.21,-0.13546423135464247,0.021167376448566592,1686409.1,-0.7035000000000001,2.9305,14.5665,0.5765999999999999,0.5828,0.008802816901408494,0.03169014084507049,0.021126760563380254,0.02161747970349781,-0.2927823778182771
2023-05-15,0.567,0.573,0.573,0.558,1524952,86001089.8,2.64,0.88,0.005,13.17,-0.1511111111111112,0.019948604706920173,1684432.25,-0.7965000000000002,2.88,14.5495,0.5741999999999999,0.5806,-0.010471204188481686,0.008726003490401313,0.010471204188481575,0.5961930838160614,-0.2761146652192895
2023-05-16,0.571,0.567,0.575,0.565,1458672,83169233.3,1.75,-1.05,-0.006,12.6,-0.12634822804314338,0.018630085360644495,1625951.5,-0.6565000000000001,2.7824999999999998,14.0445,0.5713999999999999,0.5786999999999999,0.008818342151675429,0.008818342151675429,0.04409171075837737,0.5074485512309423,-0.1823840250939257
2023-05-17,0.566,0.572,0.576,0.566,2704036,154495481.8,1.76,0.88,0.005,23.36,-0.13464447806354018,0.018062392544669605,1647237.45,-0.7050000000000003,2.678,14.2285,0.5708,0.5759,0.010489510489510412,-0.005244755244755206,0.04195804195804209,0.2890888752149623,0.0006337071432580554
2023-05-18,0.574,0.578,0.585,0.572,1916310,111186931.6,2.27,1.05,0.006,16.55,-0.11755725190839705,0.018471963194412626,1667162.45,-0.6070000000000002,2.7005,14.4005,0.5716,0.5751,0.01384083044982698,-0.00692041522491349,0.04152249134948094,0.10784461020270952,0.1122378301327458
2023-05-19,0.581,0.586,0.589,0.58,1440870,84309731.2,1.56,1.38,0.008,12.45,-0.10122699386503076,0.019001797921876108,1672052.8,-0.5150000000000002,2.6565000000000003,14.443000000000001,0.5751999999999999,0.5759000000000001,-0.013651877133105783,-0.010238907849829393,0.030716723549488067,0.1510638377799356,0.060528118801165265
2023-05-22,0.586,0.578,0.589,0.575,1101157,63957117.0,2.39,-1.37,-0.008,9.51,-0.10939907550077055,0.01909561536316818,1650160.35,-0.5605000000000001,2.6535,14.254,0.5761999999999999,0.5751999999999999,-0.01038062283737029,0.0017301038062282892,0.04325259515570945,-0.2988623389326398,-0.10450363693835263
2023-05-23,0.579,0.572,0.58,0.572,1175620,67742729.93,1.38,-1.04,-0.006,10.16,-0.14242878560719652,0.017422177402107775,1642185.25,-0.7510000000000001,2.5759999999999996,14.185500000000001,0.5771999999999999,0.5742999999999999,-0.005244755244755206,0.034965034965035,0.027972027972027913,-0.14523401565477168,0.15928444608899706
2023-05-24,0.569,0.569,0.577,0.563,1307858,74367447.0,2.45,-0.52,-0.003,11.3,-0.0982567353407291,0.013561580204606271,1623890.85,-0.5070000000000002,2.436,14.0275,0.5766,0.5736999999999999,0.008787346221441172,0.047451669595782064,0.03690685413005279,-0.3004828070171557,0.16658789965268617
2023-05-25,0.57,0.574,0.577,0.56,1976670,112246733.7,2.99,0.88,0.005,17.07,-0.07269789983844921,0.013481531357258988,1631917.55,-0.36800000000000016,2.427,14.0965,0.5757999999999999,0.5736999999999999,0.010452961672473782,0.04878048780487809,0.010452961672473782,-0.27885419640022635,0.25114335097186213
2023-05-26,0.571,0.58,0.583,0.571,2219489,128414573.5,2.09,1.05,0.006,19.17,-0.049180327868852514,0.013579929857022546,1664012.35,-0.2430000000000002,2.386,14.373500000000002,0.5746,0.5749,-0.0017241379310344307,0.04137931034482767,0.020689655172413834,-0.17642394566748432,0.3829811660418867
2023-05-29,0.585,0.579,0.589,0.579,2651498,154278009.4,1.72,-0.17,-0.001,22.9,-0.026890756302521024,0.012538757601904375,1703949.65,-0.1285000000000002,2.2345,14.7185,0.5748,0.5754999999999999,0.022452504317789224,0.041450777202072686,0.022452504317789224,0.008641245993245894,0.40716940304413884
2023-05-30,0.576,0.592,0.592,0.573,2478477,144633749.3,3.28,2.25,0.013,21.41,0.010238907849829282,0.013156253353719286,1737672.15,0.05949999999999981,2.247,15.01,0.5788,0.5780000000000001,0.006756756756756799,-0.006756756756756799,0.030405405405405483,0.26782237484607196,0.39321359433827086
2023-05-31,0.591,0.596,0.596,0.587,1798304,106376715.86,1.52,0.68,0.004,15.53,-0.00666666666666671,0.012072435384606338,1746990.9,-0.026000000000000197,2.1695,15.0905,0.5841999999999999,0.5804,0.010067114093959662,-0.010067114093959773,0.023489932885906173,0.5495639449285978,0.39922960667354435
2023-06-01,0.594,0.602,0.608,0.589,2329919,140206693.8,3.19,1.01,0.006,20.13,0.027303754266211566,0.010973567382143487,1785983.2,0.1409999999999998,2.2039999999999997,15.4275,0.5898,0.5828,0.0033222591362125353,-0.03654485049833889,0.004983388704318914,0.47856218249563187,0.4087909404382237
2023-06-02,0.602,0.604,0.605,0.598,1631952,98339637.2,1.16,0.33,0.002,14.1,0.04498269896193774,0.010388578215995726,1802076.5,0.2259999999999998,2.1425,15.566500000000001,0.5946,0.5845999999999999,-0.0016556291390728006,-0.019867549668874163,0.0281456953642385,0.9613541451529235,0.6552226502815064
2023-06-05,0.602,0.603,0.612,0.602,1509524,91634398.328,1.66,-0.17,-0.001,13.04,0.030769230769230882,0.010154521633804467,1782390.1,0.1569999999999998,2.1305,15.3965,0.5993999999999999,0.5871,-0.02487562189054726,-0.018242122719734688,0.05140961857379778,0.9727319788710418,0.9942725489241726
2023-06-06,0.602,0.588,0.603,0.583,1982968,117226966.8,3.32,-2.49,-0.015,17.13,0.012048192771084265,0.011633472528503577,1778920.8,0.06649999999999981,2.1685,15.366499999999998,0.5986,0.5887,0.00340136054421758,0.03741496598639449,0.08503401360544216,0.3323693840764448,0.2463820428919583
2023-06-07,0.584,0.59,0.594,0.584,1409764,83119516.9,1.7,0.34,0.002,12.18,0.026086956521739202,0.011352487119594523,1763418.35,0.1349999999999998,2.133,15.232499999999998,0.5974,0.5908,-0.016949152542372947,0.033898305084745894,0.03728813559322042,0.3914523765868221,0.8054965867305315
2023-06-08,0.587,0.58,0.587,0.577,1233525,71609874.2,1.69,-1.69,-0.01,10.66,0.010452961672473782,0.01205784967520014,1751697.9,0.058999999999999796,2.1305,15.131499999999999,0.593,0.5913999999999999,0.020689655172413834,0.0431034482758621,0.02758620689655178,0.2611714398960441,0.6985920740913549
2023-06-09,0.582,0.592,0.592,0.576,2416398,140659054.1,2.76,2.07,0.012,20.87,0.04225352112676051,0.012557327784828824,1813398.15,0.21499999999999977,2.1639999999999997,15.6645,0.5906,0.5926,0.0,0.048986486486486625,0.0050675675675675436,-0.022090916078607692,0.5141909558698454
2023-06-12,0.592,0.592,0.597,0.588,1789540,106437323.9,1.52,0.0,0.0,15.46,0.03315881326352543,0.012465675422052406,1826627.55,0.1709999999999998,2.108,15.779,0.5883999999999999,0.5939,0.030405405405405483,0.07094594594594605,-0.006756756756756799,-0.04874652302476312,0.5419970731280492
2023-06-13,0.592,0.61,0.611,0.588,1514983,91017369.904,3.89,3.04,0.018,13.09,0.07583774250440922,0.013657987568872177,1829443.1,0.3754999999999998,2.2150000000000003,15.8035,0.5928,0.5956999999999999,0.0,0.04590163934426239,-0.031147540983606614,-0.2211485140988212,0.2535951240068419
2023-06-14,0.608,0.61,0.614,0.604,1243960,75812280.6,1.64,0.0,0.0,10.75,0.06643356643356646,0.013628067202754095,1756439.3,0.3314999999999998,2.209,15.172999999999998,0.5967999999999999,0.5971,-0.008196721311475419,0.003278688524590123,-0.022950819672131195,0.4360670681627896,0.27527119053946314
2023-06-15,0.613,0.605,0.614,0.603,1432799,86969695.3,1.8,-0.82,-0.005,12.38,0.04671280276816603,0.013749890963696491,1732263.75,0.23799999999999977,2.1855,14.964500000000001,0.6018,0.5974,0.026446280991735627,-0.014876033057851235,-0.011570247933884281,0.8208397219816579,0.26600557521770574
2023-06-16,0.604,0.621,0.624,0.602,1650040,101152763.66,3.64,2.64,0.016,14.25,0.059726962457337995,0.01456771825882485,1742722.25,0.3009999999999998,2.2895,15.0545,0.6075999999999999,0.5991,0.02093397745571668,-0.04186795491143325,-0.020933977455716568,0.42814532192877497,0.05923210152186331
2023-06-19,0.621,0.634,0.634,0.618,1442379,90583624.8,2.58,2.09,0.013,12.46,0.09688581314878908,0.014539106407573133,1759783.35,0.47399999999999987,2.299,15.202000000000002,0.616,0.6022000000000001,0.006309148264984188,-0.07255520504731872,-0.05520504731861209,0.10961150862194935,-0.06076913479504842
2023-06-20,0.631,0.638,0.641,0.628,2029502,128766560.5,2.05,0.63,0.004,17.53,0.11538461538461542,0.01409817745627403,1802477.45,0.5574999999999998,2.3325,15.5705,0.6216,0.6072,-0.040752351097178674,-0.07366771159874619,-0.056426332288401326,0.2886030293597357,0.12630693270517934
2023-06-21,0.635,0.612,0.635,0.612,3215981,200331387.9,3.61,-4.08,-0.026,27.78,0.07557117750439368,0.017384354595827833,1897883.6,0.37949999999999984,2.3905000000000003,16.3945,0.6220000000000001,0.6094,-0.02614379084967322,-0.02614379084967322,-0.02777777777777779,-0.47917963022366983,-0.4122828593037907
2023-06-26,0.603,0.596,0.61,0.592,1774144,106418616.9,2.94,-2.61,-0.016,15.33,0.03832752613240431,0.018570488209579083,1887757.3,0.2049999999999998,2.388,16.307499999999997,0.6202,0.611,-0.001677852348993314,0.003355704697986628,-0.008389261744966459,-0.733481810254961,-0.5580317902744711
2023-06-27,0.593,0.595,0.599,0.592,1308099,77944766.4,1.17,-0.17,-0.001,11.3,0.02586206896551735,0.018479368493640496,1842187.8,0.1439999999999998,2.342,15.914000000000001,0.615,0.6113000000000001,-0.0117647058823529,0.02184873949579824,0.01680672268907557,-0.5833092740016103,-0.42674964155527273
2023-06-28,0.596,0.588,0.596,0.576,1277185,74660767.8,3.36,-1.18,-0.007,11.03,0.015544041450777257,0.01870487583390836,1773472.15,0.09349999999999979,2.424,15.3205,0.6058,0.6109,0.005102040816326481,0.018707482993197244,0.005102040816326481,-0.3872280243905767,-0.35993628086116514
2023-06-29,0.587,0.591,0.594,0.583,1313126,77308574.3,1.87,0.51,0.003,11.34,-0.0016891891891891442,0.01804526999652259,1715204.6,0.006499999999999795,2.3535,14.817000000000002,0.5963999999999999,0.609,0.008460236886632888,0.01861252115059231,0.015228426395939021,-0.3764036575068421,-0.24521450992079807
2023-06-30,0.589,0.596,0.598,0.587,1340859,79346519.9,1.86,0.85,0.005,11.58,0.0,0.01808247011935525,1692332.35,0.014999999999999791,2.3705,14.619499999999999,0.5932000000000001,0.6075999999999999,0.003355704697986628,-0.001677852348993314,0.016778523489932917,-0.07728610241832068,-0.25263535576276264
2023-07-03,0.595,0.598,0.603,0.589,1512536,90233401.0,2.35,0.34,0.002,13.07,-0.006644518272425293,0.01795065703733242,1651463.2,-0.018500000000000207,2.3285,14.266499999999999,0.5936,0.6068999999999999,0.01672240802675584,-0.01170568561872909,0.0117056856187292,0.6547080238874388,-0.2494570787894893
2023-07-04,0.597,0.608,0.613,0.595,1169194,70561300.87,3.01,1.67,0.01,10.1,0.0066225165562914245,0.018334220699311447,1628325.3,0.048499999999999786,2.421,14.0665,0.5962,0.6056,-0.014802631578947345,-0.004934210526315819,-0.013157894736842146,0.508920086640696,-0.24102926953186854
2023-07-05,0.608,0.599,0.609,0.598,1725586,103968583.53,1.81,-1.48,-0.009,14.91,-0.0066334991708125735,0.018648213772034808,1639128.4,-0.017000000000000216,2.4285,14.16,0.5983999999999999,0.6021,0.005008347245408995,-0.013355592654424098,-0.005008347245408995,0.5379783033418062,-0.21389460739936295
2023-07-06,0.596,0.602,0.611,0.596,998084,60329655.5,2.5,0.5,0.003,8.62,0.023809523809523725,0.017739292056631092,1589884.2,0.13249999999999978,2.3875,13.7345,0.6006,0.5984999999999999,-0.011627906976744207,-0.0033222591362126463,-0.03488372093023262,0.6764774978388228,-0.10541532811382393
2023-07-07,0.598,0.595,0.604,0.587,848092,50323100.4,2.82,-1.16,-0.007,7.33,0.008474576271186418,0.017963722113312562,1561800.6,0.05749999999999981,2.4435,13.492,0.6003999999999999,0.5968,-0.006722689075630228,0.018487394957983128,-0.030252100840336138,0.446164897012709,0.19917172704964003
2023-07-10,0.596,0.591,0.597,0.589,899557,53303755.0,1.34,-0.67,-0.004,7.77,0.018965517241379404,0.017580078056207357,1545102.2,0.10849999999999979,2.426,13.3475,0.599,0.5962999999999999,0.02368866328257191,0.02368866328257191,-0.025380710659898553,0.39243550751777456,0.5120190535430051
2023-07-11,0.593,0.605,0.605,0.592,1363446,81910694.947,2.2,2.37,0.014,11.78,0.02195945945945943,0.017767865389267782,1492454.6,0.1234999999999998,2.398,12.893,0.5984,0.5972999999999999,-0.023140495867768562,-0.008264462809917328,-0.028099173553719048,-0.028741495796811067,0.1689096330158617
2023-07-12,0.603,0.591,0.603,0.587,828831,49345853.7,2.64,-2.31,-0.014,7.16,-0.0016891891891891442,0.018587219753067034,1444419.15,0.007999999999999808,2.4539999999999997,12.478,0.5968,0.5975999999999999,0.015228426395939021,0.008460236886632888,-0.016920473773265665,-0.41634528135075966,-0.06099256881694959
2023-07-13,0.591,0.6,0.601,0.589,1073735,63911941.5,2.03,1.52,0.009,9.28,-0.016393442622950838,0.01756572957708665,1422356.75,-0.0680000000000002,2.3609999999999998,12.2875,0.5963999999999999,0.5985,0.010000000000000009,-0.03166666666666673,-0.04500000000000004,-0.3447571865182978,-0.1640177736491053
2023-07-14,0.6,0.606,0.611,0.6,1026332,62352862.3,1.83,1.0,0.006,8.87,-0.006557377049180357,0.017727641465795585,1411475.35,-0.018000000000000193,2.3705,12.1935,0.5986,0.5995,-0.0016501650165016146,-0.047854785478547934,-0.041254125412541254,-0.5196897559056664,-0.13262900573405378
2023-07-17,0.605,0.605,0.608,0.6,897634,54199334.1,1.32,-0.17,-0.001,7.75,0.0,0.017631983173706945,1384717.1,0.014499999999999801,2.3465,11.962,0.6014,0.6002000000000001,-0.008264462809917328,-0.04793388429752066,-0.02975206611570247,-0.505205850719401,-0.08411554054981618
2023-07-18,0.606,0.6,0.61,0.599,1048548,63280841.9,1.82,-0.83,-0.005,9.06,-0.033816425120772986,0.016584428073196187,1354642.5,-0.1590000000000002,2.2555,11.7025,0.6004,0.5993999999999999,-0.00666666666666671,-0.020000000000000018,-0.01666666666666672,0.08251557211549643,-0.030057181066391103
2023-07-19,0.6,0.596,0.606,0.594,940763,56201334.9,2.0,-0.67,-0.004,8.13,-0.05993690851735023,0.015738564594353684,1329561.7,-0.2970000000000002,2.2265,11.486,0.6013999999999999,0.5991,-0.025167785234899376,-0.025167785234899376,-0.011744966442953086,0.6208248535061545,0.00571324793096295
2023-07-20,0.597,0.581,0.597,0.579,1513152,88654945.1,3.02,-2.52,-0.015,13.07,-0.08934169278996873,0.016325050050155755,1303744.2,-0.4545000000000002,2.275,11.263,0.5975999999999999,0.597,-0.0068846815834767705,-0.013769363166953541,0.015490533562822817,0.09740355365270048,-0.29170520482270634
2023-07-21,0.579,0.577,0.583,0.575,861255,49890342.4,1.38,-0.69,-0.004,7.44,-0.05718954248366015,0.013955763236271063,1186007.9,-0.2850000000000002,2.1635,10.245999999999999,0.5917999999999999,0.5952,-0.0017331022530329143,0.006932409012131657,0.03119584055459268,0.7164871484869535,-0.29797591089238396
2023-07-24,0.576,0.576,0.586,0.573,938740,54403415.7,2.25,-0.17,-0.001,8.11,-0.033557046979865834,0.012833404162482341,1144237.7,-0.1630000000000002,2.129,9.885000000000002,0.586,0.5937,0.02083333333333326,0.01909722222222232,0.03472222222222232,0.7548312863645286,-0.30300333258020373
2023-07-25,0.582,0.588,0.59,0.58,684558,40057897.5,1.74,2.08,0.012,5.91,-0.0117647058823529,0.013780896887337196,1113060.65,-0.05050000000000019,2.1574999999999998,9.6155,0.5835999999999999,0.592,-0.011904761904761862,0.00340136054421758,0.006802721088435382,-0.22240587990026828,-0.37969964480725826
2023-07-26,0.587,0.581,0.587,0.578,1739597,100974351.1,1.53,-1.19,-0.007,15.03,-0.011904761904761862,0.013786955906284537,1136181.25,-0.05100000000000019,2.066,9.8155,0.5806,0.591,-0.013769363166953541,0.013769363166953541,0.0068846815834768815,-0.34907602784731406,-0.3199371008788383
2023-07-27,0.581,0.573,0.582,0.572,980748,56619788.2,1.72,-1.38,-0.008,8.47,-0.030456852791878153,0.014026471088220896,1119562.35,-0.14550000000000018,2.0585,9.672,0.579,0.5882999999999999,0.013961605584642323,0.029668411867364686,0.01919720767888311,-0.5461719700079835,-0.3815205632326415
2023-07-28,0.573,0.581,0.582,0.571,1954000,113114564.2,1.92,1.4,0.008,16.88,-0.025167785234899376,0.014282687628820867,1150219.4,-0.11800000000000019,2.0615,9.937000000000001,0.5797999999999999,0.5858,0.010327022375215211,0.024096385542168752,-0.013769363166953541,-0.6825838725498401,-0.3188051139123875
2023-07-31,0.581,0.587,0.591,0.58,974530,57143832.9,1.89,1.03,0.006,8.42,-0.018394648829431426,0.01448278955918875,1123319.1,-0.08350000000000019,2.0385,9.7045,0.5820000000000001,0.584,0.005110732538330609,0.015332197614991605,-0.023850085178875657,-0.7542005690558379,-0.42276129076860114
2023-08-01,0.588,0.59,0.592,0.583,877750,51579838.276,1.53,0.51,0.003,7.58,-0.0296052631578948,0.013965704516517826,1108746.9,-0.14150000000000018,1.9645,9.5785,0.5824,0.583,-0.0016949152542372614,0.003389830508474523,-0.045762711864406835,-0.5669503250435504,-0.3701675965475403
2023-08-02,0.589,0.589,0.593,0.586,828829,48850914.2,1.19,-0.17,-0.001,7.16,-0.016694490818030094,0.013607030764854646,1063909.05,-0.07600000000000018,1.9335,9.190999999999999,0.584,0.5822999999999999,0.001697792869269854,-0.006791171477079749,-0.07130730050933776,-0.27434756322902576,-0.1768011702121498
2023-08-03,0.586,0.59,0.594,0.584,885705,52208050.8,1.7,0.17,0.001,7.65,-0.019933554817275767,0.013553280392866667,1058290.1,-0.09250000000000018,1.8935,9.1425,0.5873999999999999,0.5831999999999999,0.008474576271186418,-0.01016949152542379,-0.06779661016949146,0.22788417800307692,0.06686576217851115
2023-08-04,0.59,0.595,0.599,0.59,1136735,67712350.7,1.53,0.85,0.005,9.82,0.0,0.013462401261032044,1072722.25,0.007999999999999813,1.829,9.267,0.5902,0.585,0.001680672268907557,-0.036974789915966366,-0.0907563025210083,0.6638344962604585,-0.003075183365361278
2023-08-07,0.596,0.596,0.6,0.594,1327237,79262698.1,1.01,0.17,0.001,11.46,0.008460236886632888,0.013369525521113,1094106.25,0.049999999999999815,1.8125,9.4515,0.592,0.587,-0.006711409395973145,-0.038590604026845665,-0.10234899328859048,0.989695731102664,-0.058963754896470766
2023-08-08,0.595,0.592,0.599,0.591,2583943,153982431.8,1.34,-0.67,-0.004,22.32,-0.02148760330578514,0.012278793172406006,1155131.1,-0.10200000000000017,1.7695,9.9785,0.5923999999999999,0.5874,-0.011824324324324342,-0.048986486486486513,-0.07770270270270263,0.5759728570076779,0.5277513444840212
2023-08-09,0.591,0.585,0.594,0.583,1346089,79163368.3,1.86,-1.18,-0.007,11.63,-0.010152284263959421,0.011437421937049925,1180994.0,-0.045500000000000186,1.7305,10.202,0.5915999999999999,0.5878,-0.0017094017094017033,-0.06495726495726484,-0.0923076923076922,0.522759256182127,0.6670397749084556
2023-08-10,0.584,0.584,0.587,0.58,1041246,60816741.7,1.2,-0.17,-0.001,8.99,-0.026666666666666727,0.010826328421192716,1179369.55,-0.13000000000000017,1.689,10.1875,0.5904,0.5889,-0.018835616438356184,-0.05821917808219168,-0.08732876712328752,0.8129724989807037,1.0171251180196474
2023-08-11,0.583,0.573,0.584,0.57,897251,51758116.1,2.4,-1.88,-0.011,7.75,-0.054455445544554504,0.011157988539801366,1172915.5,-0.2740000000000002,1.7175,10.131499999999999,0.5860000000000001,0.5881,0.0,-0.055846422338568846,-0.09598603839441522,0.698088050242686,0.8536094365328799
2023-08-14,0.566,0.573,0.573,0.562,1028328,58226215.1,1.92,0.0,0.0,8.88,-0.05289256198347114,0.011172536264518347,1179450.2,-0.2655000000000002,1.7475,10.187999999999999,0.5814,0.5867,-0.017452006980802848,-0.06631762652705053,-0.08551483420593353,0.6073886762022096,1.2066576737803398
2023-08-15,0.573,0.563,0.573,0.555,1508950,84927379.587,3.14,-1.75,-0.01,13.03,-0.06166666666666676,0.011596206821301098,1202470.3,-0.3115000000000002,1.8135000000000001,10.3865,0.5755999999999999,0.584,-0.028419182948490107,-0.03019538188277071,-0.031971580817051315,1.195476241894828,1.6123997122947205
2023-08-16,0.561,0.547,0.562,0.547,1906389,105442589.054,2.66,-2.84,-0.016,16.47,-0.08221476510067105,0.012894441757973208,1250751.6,-0.4200000000000002,1.8465,10.8035,0.568,0.5798,0.005484460694698434,-0.029250457038391242,0.014625228519195677,0.5606933103264446,0.9280796205072237
2023-08-17,0.545,0.55,0.553,0.542,1784577,98131559.222,2.01,0.55,0.003,15.42,-0.05335628227194478,0.01206624804237654,1264322.85,-0.2665000000000002,1.7959999999999998,10.921,0.5612,0.5758,-0.016363636363636358,-0.030909090909090886,0.014545454545454639,0.32421941293635004,0.8658110988691168
2023-08-18,0.552,0.541,0.555,0.54,1024354,56067307.802,2.73,-1.64,-0.009,8.85,-0.06239168110918536,0.012421504895983836,1272477.8,-0.31400000000000017,1.8635000000000002,10.9915,0.5548,0.5704,-0.011090573012939031,-0.04251386321626616,0.02402957486136792,0.5104530142939225,0.9814926502857484
2023-08-21,0.541,0.535,0.546,0.535,910216,49147832.3,2.03,-1.11,-0.006,7.86,-0.07118055555555547,0.012541282481959633,1271051.6,-0.36100000000000015,1.8525000000000003,10.979,0.5471999999999999,0.5643,0.020560747663551426,-0.020560747663551426,0.04485981308411224,0.8249414860299624,1.0741358939726355
2023-08-22,0.537,0.546,0.548,0.531,979040,52513355.5,3.18,2.06,0.011,8.46,-0.07142857142857129,0.012513437422490625,1285775.7,-0.3620000000000002,1.9245,11.1065,0.5438000000000001,0.5597000000000001,-0.027472527472527486,-0.001831501831501825,0.01831501831501825,0.4968927718295846,0.44320274784338354
2023-08-23,0.543,0.531,0.544,0.53,943428,50588855.78,2.56,-2.75,-0.015,8.15,-0.08605851979345946,0.013500883890224557,1245967.25,-0.4400000000000002,1.9759999999999998,10.7625,0.5406000000000001,0.5543,0.0037664783427495685,0.04519774011299438,0.05649717514124308,0.3126861081869683,0.1457049453748387
2023-08-24,0.537,0.533,0.541,0.53,756194,40489813.6,2.07,0.38,0.002,6.53,-0.06980802792321106,0.013429766791598742,1234739.55,-0.3520000000000002,1.9934999999999998,10.6655,0.5372000000000001,0.5492,-0.02814258911819889,0.046904315196998114,0.018761726078799335,0.3255048789430828,0.3476207677932399
2023-08-25,0.53,0.518,0.53,0.515,1120818,58475535.1,2.81,-2.81,-0.015,9.68,-0.10843373493975894,0.013838124726032934,1193080.45,-0.5625000000000002,2.038,10.305499999999999,0.5326000000000001,0.5437000000000001,0.01158301158301156,0.06949806949806958,0.05212355212355213,-0.16236948524044237,0.10891766175895068
2023-08-28,0.54,0.524,0.549,0.522,932030,49486702.942,5.21,1.16,0.006,8.05,-0.10732538330494024,0.013916979921674415,1190955.45,-0.5560000000000003,2.2039999999999997,10.287,0.5304,0.5388,0.040076335877862634,0.06679389312977113,0.05152671755725202,-0.21980034798410075,0.03822159208883846
2023-08-29,0.523,0.545,0.545,0.52,1034057,55565080.548,4.77,4.01,0.021,8.93,-0.07627118644067787,0.017149799241660334,1198770.8,-0.3810000000000002,2.366,10.3545,0.5302,0.537,0.01834862385321112,0.020183486238532167,0.007339449541284404,-0.632614791299814,-0.3951115829563405
2023-08-30,0.548,0.555,0.561,0.546,971269,53870159.35,2.75,1.83,0.01,8.39,-0.05772495755517815,0.01785176619960015,1205892.8,-0.28100000000000025,2.444,10.416,0.5349999999999999,0.5378000000000001,0.00540540540540535,0.010810810810810922,-0.03423423423423422,-0.6829060837417087,-0.3475920547582607
2023-08-31,0.553,0.558,0.561,0.55,844981,46988220.5,1.98,0.54,0.003,7.3,-0.05423728813559303,0.01792024146002976,1203856.6,-0.26250000000000023,2.458,10.3985,0.54,0.5386,-0.007168458781361964,-0.026881720430107503,-0.05017921146953408,-0.32090330481738405,-0.35511741510513417
2023-09-01,0.558,0.554,0.56,0.549,1143998,63084212.0,1.97,-0.72,-0.004,9.88,-0.06890756302520995,0.017750541467036293,1204219.75,-0.3410000000000002,2.48,10.4015,0.5472000000000001,0.5399,0.00902527075812265,-0.016245487364620947,-0.045126353790613805,-0.017079284433941355,-0.33530720980271866
2023-09-04,0.553,0.559,0.561,0.551,897204,49811207.22,1.81,0.9,0.005,7.75,-0.062080536912751505,0.017936493630420797,1182718.1,-0.3045000000000002,2.5200000000000005,10.216,0.5542,0.5423000000000001,-0.00536672629695889,-0.014311270125223596,-0.05545617173524153,-0.0023649504103249175,-0.3555139368684308
2023-09-05,0.56,0.556,0.563,0.553,770087,42930882.1,1.79,-0.54,-0.003,6.65,-0.060810810810810634,0.017924550959450367,1092025.3,-0.2980000000000002,2.5425,9.432500000000001,0.5564,0.5433000000000001,0.008992805755395628,-0.01258992805755399,-0.06294964028776984,0.66104127065575,-0.32651545101988955
2023-09-06,0.551,0.561,0.561,0.548,939502,52213012.1,2.34,0.9,0.005,8.12,-0.04102564102564088,0.01798822474600172,1071695.95,-0.19400000000000023,2.5665,9.257000000000001,0.5576000000000001,0.5463000000000001,-0.03208556149732622,-0.0445632798573975,-0.07664884135472372,1.323063664633859,-0.2823506267322743
2023-09-07,0.559,0.543,0.559,0.543,1342577,73447286.4,2.85,-3.21,-0.018,11.6,-0.07020547945205469,0.01920880090890336,1086762.5,-0.3460000000000002,2.649,9.3875,0.5546,0.5473000000000001,0.0036832412523020164,-0.023941068139963217,-0.047882136279926324,-0.20161552565350527,-0.5547691003577233
2023-09-08,0.542,0.545,0.548,0.539,1119899,60867627.7,1.66,0.37,0.002,9.67,-0.048865619546247685,0.018917744117493307,1097894.9,-0.2335000000000002,2.6119999999999997,9.4835,0.5528000000000001,0.55,0.011009174311926717,-0.029357798165137616,-0.022018348623853212,-0.25849156343523705,-0.2083970342319551
2023-09-11,0.543,0.551,0.555,0.541,895516,49019314.2,2.57,1.1,0.006,7.74,-0.038394415357766,0.01914793211893052,1091254.3,-0.17850000000000021,2.6445,9.4265,0.5512,0.5527000000000001,-0.003629764065335772,-0.04174228675136116,-0.04537205081669693,-0.46877513157085193,-0.23009342865538074
2023-09-12,0.55,0.549,0.551,0.546,764709,41914364.3,0.91,-0.36,-0.002,6.61,-0.024866785079928788,0.01879881774183874,1054042.25,-0.10900000000000021,2.533,9.1055,0.5498000000000001,0.5531,-0.023679417122040136,-0.051001821493624866,-0.041894353369763215,-0.48187331710474546,0.022892187748526638
2023-09-13,0.547,0.536,0.547,0.531,1650492,88382563.877,2.91,-2.37,-0.013,14.26,-0.020109689213894,0.018463037498124925,1041247.4,-0.08550000000000021,2.5454999999999997,8.995000000000001,0.5448000000000001,0.5512,-0.011194029850746245,-0.03358208955223885,-0.016791044776119368,-0.712885537558333,-0.12456973562197038
2023-09-14,0.536,0.53,0.537,0.528,1199459,63779601.3,1.68,-1.12,-0.006,10.36,-0.036363636363636376,0.018538225145509957,1011991.5,-0.1690000000000002,2.529,8.742,0.5422,0.5484,-0.0018867924528301883,-0.024528301886792447,0.0037735849056603765,-0.6320983773356701,-0.11766908898559303
2023-09-15,0.531,0.529,0.538,0.527,676486,35926335.6,2.08,-0.19,-0.001,5.84,-0.022181146025878062,0.01821481542680473,994598.1,-0.09650000000000022,2.4965,8.5915,0.539,0.5459,-0.001890359168241984,0.007561436672967936,0.018903591682419618,0.3350246078123207,-0.07838937581524263
2023-09-18,0.53,0.528,0.534,0.525,691923,36647171.8,1.7,-0.19,-0.001,5.98,-0.013084112149532756,0.01806111773099663,983683.45,-0.05050000000000023,2.4799999999999995,8.497499999999999,0.5344,0.5428,-0.013257575757575801,-0.0037878787878787845,0.02083333333333326,0.9607063020425539,-0.031195485900122777
2023-09-19,0.528,0.521,0.528,0.519,895674,46795366.0,1.7,-1.33,-0.007,7.74,-0.04578754578754585,0.017561428929812755,979515.15,-0.22000000000000025,2.4059999999999997,8.4615,0.5288,0.5393,-0.0057581573896353655,0.009596928982725572,0.05374280230326289,0.863957625496786,-0.06732716649840209
2023-09-20,0.522,0.518,0.525,0.517,1082081,56318821.2,1.54,-0.58,-0.003,9.35,-0.024482109227871973,0.01655899025891193,986447.8,-0.11150000000000024,2.355,8.5215,0.5252,0.5349999999999999,-0.0019305019305019266,0.01737451737451745,0.061776061776061875,2.1203723488490454,-0.02840006124189387
2023-09-21,0.516,0.517,0.521,0.515,1191424,61651533.0,1.16,-0.19,-0.001,10.29,-0.03001876172607887,0.016519670930292697,1008209.3,-0.14000000000000024,2.3095,8.7095,0.5226,0.5324,0.030947775628626717,0.029013539651837617,0.05802707930367501,2.286297962525911,0.32948561788903197
2023-09-22,0.516,0.533,0.534,0.516,965403,50851407.2,3.48,3.09,0.016,8.34,0.02895752895752901,0.016766081912712172,1000438.55,0.15499999999999975,2.343,8.642500000000002,0.5234,0.5312,-0.013133208255159512,0.011257035647279645,0.007504690431519689,-0.4033905240787343,-0.23450435295106975
2023-09-25,0.535,0.526,0.535,0.526,831497,43903429.8,1.69,-1.31,-0.007,7.18,0.003816793893129722,0.01689888449066487,995411.9,0.031499999999999764,2.167,8.599,0.523,0.5287,0.0,0.024714828897338448,0.028517110266159662,-0.6697460495736781,-0.2813806132426866
2023-09-26,0.528,0.526,0.534,0.525,729915,38612963.94,1.71,0.0,0.0,6.31,-0.034862385321100975,0.014077861142093907,980204.8,-0.1690000000000002,2.0140000000000002,8.468,0.524,0.5264,0.0019011406844107182,0.04372623574144496,0.009505703422053147,-0.5430153777743649,-0.14364262413291973
2023-09-27,0.526,0.527,0.532,0.525,634567,33481198.7,1.33,0.19,0.001,5.48,-0.05045045045045049,0.013305602962955096,963369.7,-0.2510000000000002,1.943,8.322500000000002,0.5258,0.5255,0.009487666034155628,0.0436432637571158,-0.00189753320683117,-0.5268301738415178,0.0026207659467811784
2023-09-28,0.529,0.532,0.534,0.526,784763,41568750.5,1.52,0.95,0.005,6.78,-0.04659498207885304,0.013463643478594897,960358.8,-0.23050000000000023,1.92,8.2965,0.5288,0.5257,0.013157894736842035,0.02819548872180455,-0.03195488721804518,-0.38937662456601674,0.08850320973079184
2023-10-09,0.53,0.539,0.539,0.528,940136,50250209.368,2.07,1.32,0.007,8.12,-0.027075812274368283,0.013838496249305792,950165.7,-0.12850000000000023,1.925,8.208499999999999,0.53,0.5267,0.0,-0.0037105751391465214,-0.05936920222634512,0.31014928596290203,-0.019969503381020326
2023-10-10,0.538,0.539,0.542,0.537,845100,45632922.4,0.93,0.0,0.0,7.3,-0.035778175313059046,0.013630338025737198,947560.5,-0.17350000000000024,1.8809999999999998,8.186,0.5326000000000001,0.5278,0.01855287569573294,0.0037105751391466324,-0.0556586270871986,1.2850321573158574,0.003377096894244369
2023-10-11,0.539,0.549,0.552,0.539,2455430,134527580.649,2.41,1.86,0.01,21.21,-0.01258992805755399,0.014326228372138127,1031827.65,-0.05350000000000023,1.9119999999999997,8.914,0.5372000000000001,0.5306000000000001,0.0018214936247722413,-0.032786885245901676,-0.060109289617486406,0.5118176814073876,-0.045131891843218974
2023-10-12,0.551,0.55,0.553,0.546,801294,43979957.9,1.28,0.18,0.001,6.92,-0.019607843137254943,0.014164018511169819,1024917.25,-0.08950000000000022,1.859,8.854,0.5418000000000001,0.5338,-0.00545454545454549,-0.043636363636363695,-0.06181818181818188,0.3818172471964041,-0.015176843601471757
2023-10-13,0.547,0.547,0.552,0.545,857529,47009119.5,1.27,-0.55,-0.003,7.41,0.007366482504604033,0.012191896437597554,1000664.85,0.043499999999999775,1.78,8.644499999999999,0.5448000000000001,0.5368,-0.018281535648994485,-0.058500914076782484,-0.04570383912248632,0.17891591445185773,0.061104058119065385
2023-10-16,0.549,0.537,0.549,0.534,936504,50428311.1,2.74,-1.83,-0.01,8.09,-0.014678899082568808,0.012855354277341044,991495.1,-0.06650000000000023,1.8340000000000003,8.5655,0.5444000000000001,0.5372,0.007448789571694592,-0.05586592178770955,0.003724394785847407,-0.14623077189767997,0.4964734751970914
2023-10-17,0.539,0.541,0.541,0.532,1005472,53967938.6,1.68,0.74,0.004,8.69,-0.01814882032667875,0.012709062658354565,996992.9,-0.08450000000000023,1.7895000000000003,8.613,0.5448000000000001,0.5387000000000001,-0.01848428835489835,-0.05914972273567476,-0.009242144177449174,-0.28092960447811566,0.6317164816983611
2023-10-18,0.538,0.531,0.538,0.528,1018011,54031282.2,1.85,-1.85,-0.01,8.79,-0.032786885245901676,0.013301014582928636,1009658.0,-0.15900000000000022,1.8364999999999998,8.722,0.5412000000000001,0.5392,-0.00941619585687381,-0.02824858757062154,-0.0018832391713747842,0.21905650196185578,0.30478612734250166
2023-10-19,0.527,0.526,0.538,0.526,900379,47953403.4,2.26,-0.94,-0.005,7.78,-0.018656716417910446,0.012406109047756535,972152.35,-0.08750000000000022,1.8040000000000003,8.398,0.5364000000000001,0.5391,-0.020912547528517123,-0.019011406844106515,-0.0019011406844106071,0.33050373661318067,0.2616223171787164
2023-10-20,0.525,0.515,0.528,0.513,1144046,59431156.7,2.85,-2.09,-0.011,9.88,-0.028301886792452824,0.013007577793513928,969381.7,-0.1360000000000002,1.8625,8.374,0.53,0.5374000000000001,-0.01553398058252431,0.013592233009708687,0.044660194174757306,-0.002456741054589817,0.15999171736486884
2023-10-23,0.514,0.507,0.515,0.504,941232,47819561.7,2.14,-1.55,-0.008,8.13,-0.041587901701323315,0.01338933039400347,982619.0,-0.20400000000000024,1.8654999999999997,8.4885,0.524,0.5342,0.0039447731755424265,0.0631163708086786,0.09072978303747536,0.10774783924198239,0.221135802065336
2023-10-24,0.509,0.509,0.515,0.502,860141,43685517.6,2.56,0.39,0.002,7.43,-0.03598484848484851,0.013456096450526091,991029.9,-0.1750000000000002,1.9085,8.561,0.5176000000000001,0.5312,0.013752455795677854,0.05304518664047153,0.09233791748526521,0.4819575696996119,0.1937070534225196
2023-10-25,0.514,0.516,0.518,0.512,811207,41724962.4,1.18,1.38,0.007,7.01,-0.009596928982725572,0.01359454049094546,986806.55,-0.03950000000000022,1.8824999999999998,8.5245,0.5146000000000001,0.5279,0.0,0.027131782945736482,0.08139534883720945,0.21545645534330293,0.2818042455356884
2023-10-26,0.512,0.516,0.516,0.507,1000220,51036558.7,1.74,0.0,0.0,8.64,-0.0038610038610038533,0.013535816305714909,982713.5,-0.010500000000000226,1.8925,8.489,0.5126000000000001,0.5245,0.011627906976744207,0.01744186046511631,0.07170542635658927,0.30108218418063415,0.35487977008138194
2023-10-27,0.514,0.522,0.525,0.51,671944,34656195.3,2.91,1.16,0.006,5.8,0.009671179883945946,0.013777037662162742,956739.5,0.05699999999999977,1.98,8.2645,0.514,0.522,0.03256704980842917,0.03065134099616862,0.05363984674329503,0.7821743413398994,0.25402297483584224
2023-10-30,0.52,0.539,0.542,0.52,2223902,119366767.716,4.21,3.26,0.017,19.21,0.011257035647279645,0.01396837617007705,1019664.45,0.06549999999999977,2.0164999999999997,8.808,0.5204,0.5222,-0.005565862708719838,0.025974025974025983,0.03339517625231925,0.5355788386188218,-0.15364765822121418
2023-10-31,0.54,0.536,0.543,0.532,681655,36510029.4,2.04,-0.56,-0.003,5.89,0.019011406844106515,0.013674712333814842,1012172.35,0.10299999999999979,2.034,8.743500000000001,0.5258,0.5217,-0.011194029850746245,0.03731343283582089,0.044776119402985204,0.24951401021489272,-0.16956937105945113
2023-11-01,0.537,0.53,0.538,0.53,809686,43159342.9,1.49,-1.12,-0.006,6.99,0.0076045627376426506,0.013945519435828667,1016160.9,0.04699999999999975,2.023,8.7775,0.5286,0.5216000000000001,-0.009433962264150941,0.05283018867924527,0.05660377358490565,-0.09862074373905827,-0.1940897140825999
2023-11-02,0.531,0.525,0.535,0.525,964358,51093798.8,1.89,-0.94,-0.005,8.33,-0.003795066413662229,0.014113655977801733,1032650.45,-0.00950000000000023,2.051,8.919999999999998,0.5304,0.5215,0.024761904761904763,0.053333333333333455,0.05142857142857138,-0.1658598846028726,-0.15073115961291228
2023-11-03,0.527,0.538,0.541,0.526,1787907,95964025.009,2.86,2.48,0.013,15.44,0.011278195488721776,0.01504223532507154,1082807.65,0.06699999999999977,2.118,9.353,0.5336000000000001,0.5238,0.027881040892193232,0.02230483271375472,0.029739776951672958,-0.3071990696695116,-0.2631751569990324
2023-11-06,0.542,0.553,0.556,0.542,1488923,82134384.872,2.6,2.79,0.015,12.86,0.025974025974025983,0.016014507003200562,1110247.0,0.14049999999999976,2.1445,9.59,0.5364000000000001,0.5284000000000001,0.005424954792043302,0.00723327305605781,0.0,-0.5497665418377122,-0.5001895714761023
2023-11-07,0.552,0.556,0.558,0.55,1029322,57024161.9,1.45,0.54,0.003,8.89,0.03153988868274582,0.016035403074074916,1119458.1,0.16749999999999976,2.1704999999999997,9.6695,0.5404,0.5331,0.003597122302158251,0.007194244604316502,-0.017985611510791366,-0.5269857106418786,-0.4565052770117455
2023-11-08,0.556,0.558,0.562,0.552,842661,47019161.3,1.8,0.36,0.002,7.28,0.016393442622950838,0.015548238077172146,1038819.65,0.09249999999999976,2.14,8.972999999999999,0.546,0.5373,-0.008960573476702538,0.0035842293906809264,-0.037634408602150615,-0.44756788725327135,-0.3987116773619458
2023-11-09,0.558,0.553,0.56,0.55,1112103,61530934.2,1.79,-0.9,-0.005,9.61,0.005454545454545379,0.015701775207494866,1054360.1,0.03849999999999976,2.1655,9.1075,0.5516,0.541,-0.005424954792043413,-0.001808318264014508,-0.019891500904159143,-0.3345972859262121,-0.38739900232362234
2023-11-10,0.55,0.55,0.555,0.547,865338,47676624.406,1.45,-0.54,-0.003,7.47,0.005484460694698434,0.01570119704761186,1054750.55,0.03899999999999976,2.1745,9.1105,0.554,0.5438,0.012727272727272698,0.0072727272727273196,-0.029090909090909167,-0.3074919450003859,-0.3553380337350447
2023-11-13,0.551,0.557,0.559,0.551,878434,48756903.85,1.45,1.27,0.007,7.59,0.03724394785847296,0.015285932516025419,1051847.05,0.19399999999999976,2.11,9.0855,0.5548000000000001,0.5456000000000001,0.0053859964093356805,-0.007181328545781018,-0.037701974865350096,-0.11137527866056407,-0.31704214235312655
2023-11-14,0.558,0.56,0.562,0.554,867399,48387982.988,1.44,0.54,0.003,7.49,0.03512014787430684,0.015253734169190085,1044943.4,0.18399999999999977,2.098,9.0255,0.5556,0.548,0.0,-0.025000000000000022,-0.04107142857142865,-0.08351815845203425,-0.3222620866091034
2023-11-15,0.563,0.56,0.567,0.558,947476,53136424.8,1.61,0.0,0.0,8.18,0.0546139359698683,0.014498966447874581,1041416.65,0.2764999999999998,2.0860000000000003,8.995000000000001,0.556,0.551,-0.014285714285714346,-0.04107142857142865,-0.04107142857142865,0.013671269768837035,-0.2707745094646019
2023-11-16,0.558,0.552,0.559,0.551,925198,51267235.8,1.43,-1.43,-0.008,7.99,0.049429657794676896,0.014752886189810974,1042657.6,0.2519999999999998,2.0445,9.005500000000001,0.5558000000000001,0.5537000000000001,0.0036231884057971175,-0.018115942028985477,-0.03260869565217395,0.05299789082616346,-0.3564371093261257
2023-11-17,0.552,0.554,0.556,0.55,854619,47200431.7,1.09,0.36,0.002,7.38,0.07572815533980592,0.01368333398705419,1028186.25,0.3744999999999997,1.9565000000000001,8.880500000000001,0.5566000000000001,0.5553,-0.0018050541516245744,-0.036101083032491044,-0.027075812274368283,0.09348926260966284,-0.19770835176804313
2023-11-20,0.555,0.553,0.556,0.547,932725,51490036.8,1.62,-0.18,-0.001,8.06,0.09072978303747536,0.01299219648124408,1027760.9,0.4429999999999998,1.9305000000000003,8.876999999999999,0.5558000000000001,0.5553,-0.012658227848101222,-0.030741410488245968,-0.030741410488245968,0.5296047650146809,0.19828781051665811
2023-11-21,0.553,0.546,0.556,0.545,835264,45873023.4,1.99,-1.27,-0.007,7.22,0.07269155206286837,0.013543641669299453,1026517.05,0.35999999999999976,1.902,8.8665,0.553,0.5543,-0.016483516483516536,-0.016483516483516536,-0.04761904761904767,0.4574860287117146,0.45592767840068915
2023-11-22,0.545,0.537,0.546,0.537,712130,38588351.0,1.65,-1.65,-0.009,6.15,0.04069767441860472,0.014029669619250762,1021563.2,0.20849999999999977,1.9255,8.8235,0.5484,0.5522,0.009310986964618184,0.0,-0.03165735567970207,0.025675260854693516,0.24944537640070052
2023-11-23,0.536,0.542,0.544,0.532,786604,42415692.0,2.23,0.93,0.005,6.79,0.050387596899224896,0.014110942348640802,1010882.4,0.2549999999999998,1.95,8.731,0.5464,0.5511000000000001,-0.014760147601476037,-0.014760147601476037,-0.04428044280442811,-0.3110419761077319,0.0887747959536398
2023-11-24,0.542,0.534,0.542,0.532,770817,41251990.8,1.85,-1.48,-0.008,6.66,0.02298850574712641,0.014447588779578994,1015826.05,0.12299999999999978,1.8970000000000002,8.774,0.5424,0.5495000000000001,0.0037453183520599342,0.009363295880149725,-0.009363295880149836,-0.4998756108832999,0.19383918392694888
2023-11-27,0.533,0.536,0.538,0.531,650494,34739569.384,1.31,0.37,0.002,5.62,-0.005565862708719838,0.012458383126418908,937155.65,-0.021500000000000213,1.752,8.0945,0.539,0.5474,0.001865671641791078,0.0,0.001865671641791078,-0.47682882500146195,0.42482781071316844
2023-11-28,0.537,0.537,0.54,0.533,837320,44940138.5,1.31,0.19,0.001,7.23,0.001865671641791078,0.012400791432868536,944938.9,0.01599999999999979,1.7155,8.1615,0.5372000000000001,0.5450999999999999,0.0,-0.03165735567970207,-0.0018621973929237035,0.24717913897840282,0.47179072067635275
2023-11-29,0.538,0.537,0.541,0.535,509071,27415754.3,1.12,0.0,0.0,4.4,0.013207547169811429,0.012110299979646097,929908.15,0.0719999999999998,1.6969999999999998,8.032,0.5372,0.5428000000000001,-0.005586592178770999,-0.03165735567970207,-0.013035381750465591,0.6156797544218362,0.5178623282282837
2023-11-30,0.536,0.534,0.536,0.529,604964,32231788.5,1.3,-0.56,-0.003,5.23,0.017142857142857126,0.0119701716232071,911938.45,0.09099999999999979,1.6675,7.877000000000001,0.5356,0.5410000000000001,0.009363295880149725,-0.029962546816479474,-0.014981273408239737,0.946757393588809,0.6410348188999735
2023-12-01,0.534,0.539,0.54,0.529,678138,36106704.0,2.06,0.94,0.005,5.86,0.0018587360594795044,0.010793147186046615,856450.0,0.01399999999999979,1.6275,7.398000000000001,0.5366000000000001,0.5395000000000001,-0.005565862708719838,-0.01855287569573283,-0.029684601113172615,2.3373638811772732,0.47582972610982877
2023-12-04,0.54,0.536,0.542,0.535,856644,46169140.972,1.3,-0.56,-0.003,7.4,-0.030741410488245968,0.008647910076846713,824836.05,-0.15350000000000022,1.5625,7.125,0.5366000000000001,0.5378000000000001,-0.02985074626865669,0.001865671641791078,-0.035447761194029925,2.2141257851639096,0.4964476286427104
2023-12-05,0.535,0.52,0.535,0.518,1204380,63035164.2,3.17,-2.99,-0.016,10.4,-0.06474820143884896,0.01054517684161416,833588.95,-0.33000000000000024,1.6484999999999999,7.200500000000001,0.5332,0.5352,0.0,0.030769230769230882,0.005769230769230749,-0.2211170331027299,-0.08540333631148467
2023-12-06,0.518,0.52,0.523,0.517,619532,32204773.6,1.15,0.0,0.0,5.35,-0.06810035842293916,0.010451825566072727,822432.5,-0.3480000000000002,1.616,7.104000000000001,0.5298,0.5335000000000001,-0.0038461538461538325,0.019230769230769162,-0.013461538461538525,-0.05705840548312757,0.09961605999557821
2023-12-07,0.521,0.518,0.523,0.514,879522,45519547.0,1.73,-0.38,-0.002,7.6,-0.06329113924050633,0.010372633766805799,810803.45,-0.32200000000000023,1.613,7.0035,0.5266000000000001,0.5311000000000001,0.021235521235521304,0.015444015444015413,0.0,-0.017882142620692987,0.21985291631213655
2023-12-08,0.518,0.529,0.531,0.518,919225,48364094.657,2.51,2.12,0.011,7.94,-0.038181818181818206,0.01170132277724246,813497.8,-0.18900000000000022,1.666,7.026999999999999,0.5246000000000001,0.5306,0.01512287334593565,-0.011342155009451793,-0.03402646502835538,-0.4352138168610542,-0.09534200085080313
2023-12-11,0.526,0.537,0.539,0.522,1048920,55532995.526,3.21,1.51,0.008,9.06,-0.03590664272890487,0.011869759963839863,822022.1,-0.1770000000000002,1.754,7.100499999999999,0.5248,0.5307000000000001,-0.0018621973929237035,-0.03724394785847307,-0.05214152700186225,-0.7983335726877762,-0.2955839293673913
2023-12-12,0.538,0.536,0.539,0.534,702926,37707687.1,0.93,-0.19,-0.001,6.07,-0.04285714285714293,0.011750160243268817,813798.45,-0.2135000000000002,1.7285,7.029500000000001,0.528,0.5306000000000001,-0.011194029850746245,-0.02425373134328357,-0.06529850746268662,-0.1564931282177252,-0.2647224715391183
2023-12-13,0.534,0.53,0.539,0.53,678834,36267069.4,1.68,-1.12,-0.006,5.86,-0.0535714285714286,0.011909296532662298,800366.35,-0.2695000000000002,1.7319999999999998,6.913500000000001,0.53,0.5298999999999999,-0.007547169811320753,-0.0320754716981132,-0.047169811320754707,-0.1711577047171855,-0.22945147099806873
2023-12-14,0.532,0.526,0.537,0.526,851117,45198031.2,2.08,-0.75,-0.004,7.35,-0.047101449275362306,0.011656358154496584,796662.3,-0.2355000000000002,1.7645,6.8815,0.5316,0.5291,-0.005703422053231932,-0.01520912547528519,-0.019011406844106515,-0.0639443740505038,-0.04398403451227684
2023-12-15,0.526,0.523,0.531,0.522,895471,47038827.8,1.71,-0.57,-0.003,7.74,-0.05595667870036103,0.011591421831620546,798704.9,-0.2820000000000002,1.7955,6.899500000000001,0.5304,0.5275000000000001,-0.01147227533460804,-0.02294455066921608,0.0019120458891013214,0.38205311263660957,0.05566190242294944
2023-12-18,0.521,0.517,0.524,0.515,915539,47680716.9,1.72,-1.15,-0.006,7.91,-0.06509945750452084,0.01174777397863585,797845.6,-0.33050000000000024,1.8005,6.892,0.5264,0.5256000000000001,0.011605415860735047,-0.015473887814313358,-0.005802707930367523,2.405207636417698,0.09703187223641407
2023-12-19,0.515,0.523,0.526,0.515,882012,45823049.5,2.13,1.16,0.006,7.62,-0.0421245421245422,0.011980417088253752,800183.0,-0.20900000000000024,1.8074999999999999,6.912000000000001,0.5238,0.5259,-0.019120458891013437,-0.042065009560229516,-0.03824091778202676,0.2243620847418375,0.41841056151949485
2023-12-20,0.523,0.513,0.523,0.511,926385,47866001.3,2.29,-1.91,-0.01,8.0,-0.04469273743016766,0.01216041828504999,810895.75,-0.22200000000000025,1.8395000000000004,7.0045,0.5204,0.5252,0.00974658869395717,-0.015594541910331383,-0.03508771929824561,0.04070885402532376,0.21996773504702927
2023-12-21,0.512,0.518,0.52,0.507,789352,40470714.9,2.53,0.97,0.005,6.82,-0.04428044280442811,0.012182514825536074,811033.15,-0.2200000000000002,1.8544999999999998,7.006,0.5188,0.5252,-0.013513513513513487,-0.0038610038610038533,-0.055984555984555984,0.1714726229149468,0.14435963087097625
2023-12-22,0.517,0.511,0.517,0.507,873699,44701304.921,1.93,-1.35,-0.007,7.55,-0.04307116104868913,0.012117838879143986,816177.25,-0.21350000000000025,1.8584999999999998,7.050500000000001,0.5164,0.5234,-0.003913894324853229,0.02544031311154593,-0.07240704500978479,0.062271308803081515,0.46471294942094765
2023-12-25,0.51,0.509,0.513,0.507,710556,36168233.2,1.17,-0.39,-0.002,6.14,-0.050373134328358216,0.012043222927237772,819180.35,-0.2515000000000002,1.8515000000000001,7.0765,0.5148,0.5206000000000001,-0.015717092337917515,0.00982318271119853,-0.07072691552062871,0.35318472875034357,0.7622579532604767
2023-12-26,0.509,0.501,0.509,0.496,795974,39800463.4,2.55,-1.57,-0.008,6.88,-0.06703910614525144,0.012344833331808178,817113.05,-0.33950000000000025,1.9134999999999998,7.059,0.5104,0.5170999999999999,0.007984031936127733,0.003992015968063978,-0.06786427145708573,0.7129642302959245,0.6742078842631172
2023-12-27,0.5,0.505,0.507,0.5,730851,36785133.3,1.4,0.8,0.004,6.31,-0.059590316573556845,0.012586978010536353,828202.05,-0.2995000000000002,1.9275000000000002,7.1545000000000005,0.5088,0.5146000000000001,0.0217821782178218,-0.01980198019801982,-0.055445544554455495,0.7570135071527815,0.7061200601752857
2023-12-28,0.505,0.516,0.519,0.502,725290,37086920.53,3.37,2.18,0.011,6.27,-0.03370786516853941,0.013726217695806385,834218.35,-0.16250000000000023,2.0309999999999997,7.2065,0.5084,0.5136000000000001,0.015503875968992276,-0.05232558139534893,-0.09108527131782951,-0.041852349879154205,0.191949153156463
2023-12-29,0.516,0.524,0.525,0.516,1631616,85161937.7,1.74,1.55,0.008,14.09,-0.0278293135435993,0.014049765091453753,881892.25,-0.13200000000000026,2.015,7.618,0.5109999999999999,0.5137,-0.01908396946564883,-0.09541984732824438,-0.1087786259541984,-0.5363940663328748,-0.04024830191426998
2024-01-02,0.524,0.514,0.524,0.513,797574,41204193.2,2.1,-1.91,-0.01,6.89,-0.04104477611940305,0.014580116183090809,878938.75,-0.1995000000000002,2.055,7.592499999999999,0.512,0.5134,-0.021400778210116767,-0.0797665369649806,-0.09143968871595332,-0.4254580084280437,-0.08424959149792788
2024-01-03,0.511,0.503,0.513,0.5,812196,41058294.46,2.53,-2.14,-0.011,7.02,-0.03269230769230769,0.013833674684448998,859329.55,-0.1570000000000002,2.0229999999999997,7.4235,0.5124000000000001,0.5114,-0.015904572564612307,-0.07157057654075538,-0.09741550695825052,-0.48346749688743773,-0.07562823327376189
2024-01-04,0.501,0.495,0.503,0.492,1169384,58024279.4,2.19,-1.59,-0.008,10.1,-0.04807692307692313,0.014191206775221671,886822.15,-0.2365000000000002,2.075,7.661,0.5104,0.5096,-0.012121212121212088,-0.036363636363636376,-0.06666666666666665,-0.08103459982624561,0.0777483598628963
2024-01-05,0.495,0.489,0.5,0.485,707938,34882686.48,3.03,-1.21,-0.006,6.12,-0.055984555984555984,0.014356336334875791,878242.95,-0.2780000000000002,2.14,7.587000000000001,0.5050000000000001,0.5067,-0.030674846625766916,-0.04089979550102252,-0.059304703476482534,0.2961040508325752,0.10815272931032549
2024-01-08,0.489,0.474,0.489,0.474,694275,33303959.3,3.07,-3.07,-0.015,6.0,-0.10396975425330823,0.014478224673809076,866995.45,-0.5375000000000002,2.168,7.49,0.495,0.503,-0.002109704641350185,-0.014767932489451407,-0.06962025316455689,1.1239414366972897,0.10299135826246353
2024-01-09,0.476,0.473,0.482,0.469,771983,36746692.0,2.74,-0.21,-0.001,6.67,-0.11918063314711369,0.013685256807952975,853148.6,-0.6235000000000002,2.1445,7.3705,0.48679999999999995,0.49939999999999996,-0.012684989429175397,-0.012684989429175397,-0.05073995771670181,0.40284376999337757,0.19237815821848336
2024-01-10,0.472,0.467,0.475,0.463,876029,40964250.4,2.54,-1.27,-0.006,7.57,-0.12873134328358204,0.013717151566149069,861803.75,-0.6775000000000002,2.225,7.4455,0.4796,0.4960000000000001,0.021413276231263323,-0.027837259100642386,-0.036402569593147804,0.8014819643590922,0.1975989372622171
2024-01-11,0.466,0.477,0.478,0.466,772270,36516651.0,2.57,2.14,0.01,6.67,-0.10000000000000009,0.015038658725301001,866475.55,-0.5145000000000002,2.2695,7.486,0.476,0.49319999999999997,-0.016771488469601747,-0.03144654088050303,-0.03144654088050303,-0.0942515864714466,0.12786122991154736
2024-01-12,0.475,0.469,0.475,0.467,713153,33580167.2,1.68,-1.68,-0.008,6.16,-0.10836501901140694,0.015256032924930276,859577.35,-0.5610000000000002,2.2495,7.4265,0.472,0.4885,-0.004264392324093702,-0.019189765458422103,-0.03837953091684432,-0.16624146054149913,0.33144668402462174
2024-01-15,0.467,0.467,0.473,0.463,684395,32016562.8,2.13,-0.43,-0.002,5.91,-0.10707456978967489,0.015258951564789363,849023.55,-0.5540000000000003,2.2704999999999997,7.334999999999999,0.47059999999999996,0.48279999999999995,0.0,-0.055674518201284884,-0.06423982869379019,0.5746393078425158,0.6653538653778097
2024-01-16,0.466,0.467,0.467,0.459,802389,37207905.3,1.71,0.0,0.0,6.93,-0.09671179883945835,0.015239666440170918,843366.05,-0.4965000000000003,2.27,7.286,0.4694,0.4781000000000001,-0.027837259100642386,-0.03854389721627416,-0.08779443254817998,0.7924192854005594,0.6911365914004253
2024-01-17,0.466,0.454,0.466,0.454,552038,25451261.6,2.57,-2.78,-0.013,4.77,-0.1319311663479924,0.015532125174367879,826867.35,-0.6935000000000002,2.2920000000000003,7.1435,0.4668,0.4732,0.017621145374449254,-0.008810572687224627,-0.09691629955947145,0.3060796923902791,0.6774715609225452
2024-01-18,0.452,0.462,0.462,0.445,821271,37121912.6,3.74,1.76,0.008,7.09,-0.09941520467836251,0.016174492022021036,821611.65,-0.5100000000000002,2.3645,7.097999999999999,0.4638,0.4699,-0.0043290043290042934,0.0,-0.09740259740259749,0.5258559055943006,0.4628941862140936
2024-01-19,0.461,0.46,0.465,0.458,869178,40043150.9,1.52,-0.43,-0.002,7.51,-0.11196911196911197,0.015796421836539246,825602.95,-0.5800000000000002,2.314,7.1325,0.462,0.46699999999999997,-0.04130434782608694,-0.019565217391304346,-0.12608695652173907,0.7587396865541154,0.5406615908726189
2024-01-22,0.458,0.441,0.46,0.438,944798,42732525.0,4.78,-4.13,-0.019,8.16,-0.136986301369863,0.017626824790155062,829157.9,-0.7190000000000001,2.4565,7.162999999999999,0.45680000000000004,0.46370000000000006,0.018140589569161092,-0.009070294784580546,-0.11111111111111105,0.08280212803738918,0.3049660495373612
2024-01-23,0.441,0.449,0.451,0.437,858347,38299051.2,3.17,1.81,0.008,7.41,-0.11787819253438114,0.018510322505605283,836547.45,-0.6090000000000002,2.5565,7.2265,0.4532,0.46130000000000004,0.00222717149220486,-0.051224944320712784,-0.055679287305122505,-0.0913085593287346,0.8405801120343586
2024-01-24,0.452,0.45,0.452,0.435,1171831,52139429.3,3.79,0.22,0.001,10.12,-0.10179640718562877,0.01845382429304324,855340.3,-0.5195000000000001,2.6185,7.3885000000000005,0.4524,0.4596,0.026666666666666616,-0.08888888888888902,-0.028888888888888964,0.05673628480300974,0.9277670001029314
2024-01-25,0.45,0.462,0.463,0.445,624949,28403318.1,4.0,2.67,0.012,5.4,-0.08514851485148511,0.019593494826294282,850045.2,-0.42600000000000016,2.7485,7.343000000000001,0.4524,0.45810000000000006,-0.023809523809523836,-0.09740259740259749,-0.03463203463203468,-0.1836148035745394,0.8374016553130421
2024-01-26,0.46,0.451,0.46,0.45,1107136,50312931.9,2.16,-2.38,-0.011,9.56,-0.12596899224806202,0.019049196677733672,869137.5,-0.6540000000000001,2.6879999999999997,7.5075,0.4506,0.4563,-0.03104212860310429,-0.10864745011086474,0.011086474501108556,-0.20527616177087138,0.7847862356745701
2024-01-29,0.451,0.437,0.455,0.437,638276,28244834.17,3.99,-3.1,-0.014,5.51,-0.16603053435114512,0.019058107834358823,819470.5,-0.8865000000000002,2.8005,7.0785,0.44980000000000003,0.45330000000000004,-0.02517162471395884,-0.10297482837528604,0.041189931350114506,-0.12116704101479936,0.5884579518917377
2024-01-30,0.436,0.426,0.439,0.425,694644,30044126.204,3.2,-2.52,-0.011,6.0,-0.1712062256809339,0.019277287362658924,814324.0,-0.9170000000000001,2.8555,7.034000000000001,0.4452,0.4492,-0.03755868544600938,-0.0046948356807511304,0.07042253521126773,1.0881344065854366,0.48976397081920564
2024-01-31,0.424,0.41,0.426,0.41,1015929,42248513.2,3.76,-3.76,-0.016,8.78,-0.18489065606361832,0.020136381608969856,824510.65,-0.998,2.9170000000000003,7.122,0.4372,0.44480000000000003,0.017073170731707332,0.06585365853658542,0.13414634146341475,0.8354214623120932,0.28675052219674924
2024-02-01,0.409,0.417,0.425,0.406,804610,33750794.03,4.63,1.71,0.007,6.95,-0.1575757575757576,0.020958756229679402,806271.95,-0.8330000000000002,3.039,6.964499999999999,0.4282,0.44029999999999997,-0.03597122302158262,0.0695443645083933,0.11750599520383709,1.1961634142730397,0.2957958494358677
2024-02-02,0.415,0.402,0.421,0.389,2064890,82646387.2,7.67,-3.6,-0.015,17.84,-0.17791411042944782,0.02184574193024223,874119.55,-0.9525000000000002,3.271,7.5504999999999995,0.4184,0.4345,-0.02487562189054726,0.13432835820895517,0.16417910447761197,0.6725601617269246,0.07138874210665613
2024-02-05,0.4,0.392,0.407,0.378,1481683,58009318.678,7.21,-2.49,-0.01,12.8,-0.17299578059071719,0.021587119676560827,913489.95,-0.9235000000000001,3.478,7.8905,0.40940000000000004,0.42960000000000004,0.08163265306122436,0.1607142857142858,0.24744897959183665,0.39388344662055697,0.029048940636677845
2024-02-06,0.391,0.424,0.424,0.39,740979,30283633.777,8.67,8.16,0.032,6.4,-0.10359408033826634,0.029654727378443005,911939.75,-0.5050000000000001,3.7744999999999997,7.877000000000001,0.409,0.4271,0.030660377358490587,0.07547169811320753,0.10377358490566047,-0.7226315420467332,-0.37058024758002295
2024-02-07,0.421,0.437,0.438,0.42,751905,32570562.608,4.25,3.07,0.013,6.5,-0.06423982869379019,0.03063450241363695,905733.55,-0.28800000000000014,3.8600000000000003,7.8235,0.4144,0.4258,0.020594965675057253,0.06407322654462244,0.11899313501144171,-0.7536301807430671,-0.3532294910441076
2024-02-08,0.439,0.446,0.455,0.436,640940,28715894.48,4.35,2.06,0.009,5.54,-0.06498951781970641,0.0306008835863189,899167.05,-0.2920000000000002,3.9489999999999994,7.767,0.4202,0.4242,0.022421524663677195,0.04484304932735439,0.13452914798206272,-0.7597691146534942,-0.3219620134790502
2024-02-19,0.455,0.456,0.457,0.446,760518,34326537.4,2.47,2.24,0.01,6.57,-0.02771855010660973,0.030920162715827766,901535.3,-0.09600000000000022,3.9884999999999997,7.7875,0.43099999999999994,0.42469999999999997,-0.002192982456140302,0.026315789473684292,0.11184210526315796,-0.7772683148007744,-0.32204817557052445
2024-02-20,0.455,0.455,0.456,0.447,460098,20731159.8,1.97,-0.22,-0.001,3.97,-0.025695931477516032,0.030911966736523126,890320.45,-0.08550000000000021,3.9805,7.6905,0.4436,0.4265,0.00219780219780219,0.07472527472527468,0.10989010989010994,-0.40587668516432285,-0.2891071764405533
2024-02-21,0.451,0.456,0.465,0.447,1249656,57066795.5,3.96,0.22,0.001,10.79,-0.02355460385438979,0.03091906330928248,912683.8,-0.0745000000000002,4.093,7.8835,0.45,0.4295,0.019736842105263275,0.026315789473684292,0.10307017543859653,1.2804300416643857,-0.25221834373183094
2024-02-22,0.455,0.465,0.467,0.455,558179,25718083.5,2.63,1.97,0.009,4.82,0.02422907488986792,0.030552736034754207,912990.85,0.16299999999999976,4.096,7.886,0.4556,0.43500000000000005,0.0021505376344086446,0.05161290322580636,0.05591397849462365,2.1457587216631984,-0.11515743698112402
2024-02-23,0.465,0.466,0.467,0.459,588872,27318140.8,1.72,0.22,0.001,5.09,0.008658008658008587,0.030321690465671704,901370.9,0.08599999999999977,3.9949999999999997,7.786000000000001,0.4596,0.4399,0.0042918454935623185,0.0858369098712446,0.07725321888412018,2.3084848590349023,-0.10593682079798583
2024-02-26,0.466,0.468,0.474,0.463,463596,21723922.07,2.36,0.43,0.002,4.0,0.01739130434782621,0.030305278792462843,881091.8,0.12899999999999978,4.037,7.610499999999999,0.462,0.4465,0.04487179487179471,0.08333333333333326,0.08760683760683752,3.466563565166995,0.03349692849773711
2024-02-27,0.467,0.489,0.49,0.463,635413,30330427.2,5.77,4.49,0.021,5.49,0.10884353741496589,0.030055195238600906,865622.55,0.5599999999999998,4.0865,7.476999999999999,0.4688,0.45620000000000005,-0.042944785276073594,0.0327198364008181,0.036809815950920255,0.8889064224442043,0.03245379748677912
2024-02-28,0.49,0.468,0.496,0.466,562170,27114928.585,6.13,-4.29,-0.021,4.86,0.04231625835189323,0.03176890965867426,850813.7,0.2549999999999998,4.2345,7.349500000000001,0.47119999999999995,0.46060000000000006,0.04487179487179471,0.07478632478632474,0.08974358974358965,-0.27347311412266007,-0.13823519635642212
2024-02-29,0.464,0.489,0.49,0.463,657804,31687297.816,5.77,4.49,0.021,5.68,0.08666666666666667,0.033147427065306115,825112.35,0.4684999999999998,4.3335,7.1274999999999995,0.4760000000000001,0.46580000000000005,0.03476482617586907,0.004089979550102152,0.020449897750511203,-0.41744526040292573,-0.28806549542273985
2024-03-01,0.491,0.506,0.507,0.49,898398,44951233.064,3.48,3.48,0.017,7.76,0.09523809523809512,0.033477948745585025,838784.8,0.5089999999999998,4.3075,7.2455,0.484,0.4718,0.0019762845849802257,-0.007905138339920903,-0.005928853754940677,-0.558688083555909,-0.45445835616972896
2024-03-04,0.509,0.507,0.512,0.498,1103057,55839827.7,2.77,0.2,0.001,9.53,0.12416851441241694,0.0327961881450277,838580.85,0.6379999999999997,4.337999999999999,7.244,0.4918,0.4769,-0.0039447731755424265,0.0039447731755424265,0.015779092702169706,-0.5233005441078915,-0.380661646688665
2024-03-05,0.504,0.505,0.514,0.5,789918,40115811.9,2.76,-0.39,-0.002,6.82,0.1556064073226544,0.031710853431147025,846162.95,0.7734999999999997,4.2765,7.3095,0.495,0.4819,-0.003960396039603964,0.003960396039603964,0.015841584158415856,-0.4835062075857387,-0.3831376872632012
2024-03-06,0.502,0.503,0.508,0.495,754997,37940436.8,2.57,-0.4,-0.002,6.52,0.18075117370892024,0.03089683285114597,849180.6,0.8794999999999998,4.244999999999999,7.335500000000001,0.502,0.48660000000000003,-0.02385685884691846,0.013916500994035852,0.025844930417495027,-0.2338864166631207,-0.39290844351184306
2024-03-07,0.502,0.491,0.507,0.49,913653,45340355.74,3.38,-2.39,-0.012,7.89,0.19756097560975605,0.029952512079980453,844066.8,0.9479999999999997,4.226,7.2909999999999995,0.5024,0.48919999999999997,0.022403258655804503,0.016293279022403295,0.04276985743380868,-0.2004491609551824,-0.5097160341460822
2024-03-08,0.491,0.502,0.505,0.49,598073,29792189.1,3.05,2.24,0.011,5.17,0.20383693045563556,0.03004723910920374,833739.95,0.9744999999999997,4.147,7.202000000000001,0.5016,0.49280000000000007,0.013944223107569709,0.0019920318725099584,0.01195219123505975,-0.15979643495067297,-0.55571023315416
2024-03-11,0.497,0.509,0.51,0.494,507385,25534893.0,3.19,1.39,0.007,4.38,0.26616915422885556,0.028057589159788357,755864.7,1.2239999999999998,3.9229999999999996,6.529000000000001,0.502,0.4969,-0.003929273084479323,0.011787819253438192,-0.027504911591355596,-0.06961372833160206,-0.49986392112115063
2024-03-12,0.51,0.507,0.515,0.505,1149309,58417929.124,1.96,-0.39,-0.002,9.93,0.2933673469387754,0.026969178456856004,739246.0,1.3289999999999997,3.6605,6.3854999999999995,0.5024,0.49870000000000003,0.00591715976331364,0.01183431952662728,-0.03550295857988173,-0.06980205805193695,-0.4357623362997195
2024-03-13,0.511,0.51,0.517,0.507,830776,42548051.347,1.97,0.59,0.003,7.18,0.2028301886792454,0.02166194633666393,743735.85,0.9504999999999999,3.3255000000000003,6.4245,0.5038,0.5029,-0.021568627450980427,0.0117647058823529,-0.07647058823529418,-0.06332057842903083,-0.13799800275669394
2024-03-14,0.507,0.499,0.507,0.494,791779,39646830.878,2.55,-2.16,-0.011,6.84,0.14187643020594964,0.02211992212418817,745729.55,0.6889999999999998,3.2405,6.4415000000000004,0.5054000000000001,0.5039,0.008016032064128265,0.02605210420841675,-0.024048096192384794,-0.27548804584146136,0.1684017430310758
2024-03-15,0.498,0.503,0.504,0.494,539694,26843414.2,2.0,0.8,0.004,4.66,0.12780269058295968,0.021887258427333564,740667.25,0.6259999999999998,3.1229999999999998,6.397499999999999,0.5056,0.5035999999999999,0.02385685884691857,0.00994035785288272,-0.03976143141153088,-0.03602454533251509,0.45382397211642544
2024-03-18,0.505,0.515,0.516,0.504,669961,34202656.215,2.39,2.39,0.012,5.79,0.1293859649122806,0.021945321941960118,736139.4,0.6335,3.1189999999999998,6.3585,0.5068,0.5044,-0.003883495145631022,-0.03883495145631066,-0.03689320388349515,-0.3195067983256138,0.30984235116685666
2024-03-19,0.515,0.513,0.519,0.512,469667,24215765.7,1.36,-0.39,-0.002,4.06,0.12747252747252746,0.02198310065467427,736617.85,0.6249999999999998,3.0885,6.363,0.508,0.5052,0.005847953216374213,-0.04678362573099415,-0.04873294346978563,-0.3265048926522517,0.3324604112499694
2024-03-20,0.513,0.516,0.517,0.509,291258,14959117.655,1.56,0.58,0.003,2.52,0.13157894736842102,0.02196286961830367,688697.95,0.6429999999999999,2.9684999999999997,5.9495,0.5092000000000001,0.5065,-0.007751937984496138,-0.08720930232558144,-0.06976744186046513,-0.23462891871534897,0.3349868867991559
2024-03-21,0.516,0.512,0.522,0.511,545529,28173638.7,2.13,-0.78,-0.004,4.71,0.1010752688172043,0.021946288754997854,688065.45,0.5054999999999998,2.9435,5.944,0.5118,0.5086,-0.0078125,-0.048828125,-0.07617187500000011,1.1878249087630985,0.5610158016261639
2024-03-22,0.512,0.508,0.517,0.504,803773,40878941.2,2.54,-0.78,-0.004,6.94,0.09012875536480691,0.02212797501274105,698810.5,0.4554999999999998,2.9844999999999997,6.0365,0.5128,0.5092,-0.025590551181102428,-0.049212598425196874,-0.06299212598425208,1.0099040363978289,0.7317701509120409
2024-03-25,0.507,0.495,0.51,0.495,479537,24180103.4,2.95,-2.56,-0.013,4.14,0.05769230769230771,0.023132755829264478,699607.55,0.30599999999999977,3.0140000000000002,6.0435,0.5088,0.5078,-0.012121212121212088,0.002020202020202033,-0.06262626262626259,1.5785938875625165,0.5343613644458953
2024-03-26,0.496,0.489,0.501,0.486,992369,48679825.2,3.03,-1.21,-0.006,8.57,0.0,0.021135340987140684,717455.35,0.020999999999999797,2.877,6.1975,0.504,0.506,-0.036809815950920255,-0.002044989775051076,-0.053169734151329195,1.6495819858636014,0.4980752736726308
2024-03-27,0.488,0.471,0.49,0.471,568974,27320454.4,3.89,-3.68,-0.018,4.91,0.0064102564102563875,0.02051133021343775,717795.55,0.05149999999999977,2.7649999999999997,6.2,0.495,0.5021,0.03397027600849256,0.019108280254777066,-0.014861995753715385,0.9119216892360638,0.09066984093822228
2024-03-28,0.474,0.487,0.491,0.472,478671,23135351.026,4.03,3.4,0.016,4.13,-0.004089979550102263,0.019384532531057094,708838.9,-0.0030000000000002026,2.678,6.1225000000000005,0.49000000000000005,0.5009,-0.008213552361396315,-0.028747433264887046,-0.04106776180698146,-0.3126221899938728,-0.28229219142835305
2024-03-29,0.485,0.483,0.485,0.475,611037,29286675.3,2.05,-0.82,-0.004,5.28,-0.045454545454545525,0.01762722966332596,694470.85,-0.2180000000000002,2.6064999999999996,5.9985,0.485,0.4989,0.0269151138716357,-0.01449275362318847,-0.05797101449275355,-0.2888706846112581,-0.20426426842390333
2024-04-01,0.486,0.496,0.498,0.486,488367,24109182.003,2.48,2.69,0.013,4.22,-0.021696252465483234,0.018780724844892266,663736.35,-0.09350000000000021,2.592,5.733,0.48519999999999996,0.49700000000000005,-0.016129032258064502,-0.06451612903225801,-0.05241935483870974,-0.6015817027305392,-0.15765576064590403
2024-04-02,0.496,0.488,0.497,0.484,340760,16657283.5,2.62,-1.61,-0.008,2.94,-0.03366336633663369,0.019078963031085187,641278.45,-0.15450000000000022,2.585,5.539,0.485,0.49450000000000005,-0.016393442622950838,-0.05122950819672123,-0.040983606557376984,-0.5823819535048586,-0.19063800232356765
2024-04-03,0.488,0.48,0.488,0.476,913312,43973641.1,2.46,-1.64,-0.008,7.89,-0.045725646123260466,0.01936249959627812,649194.2,-0.2165000000000002,2.5795,5.6075,0.48679999999999995,0.49090000000000006,-0.014583333333333393,-0.033333333333333215,-0.04791666666666661,-0.46933898347521275,-0.1567192810525121
2024-04-08,0.479,0.473,0.48,0.471,883272,41909516.493,1.88,-1.46,-0.007,7.63,-0.03665987780040736,0.01892157947542065,647675.15,-0.1700000000000002,2.5045,5.5945,0.484,0.487,0.00634249471458781,-0.012684989429175397,-0.03382663847780121,-0.287705143631818,-0.17515460490239176
2024-04-09,0.473,0.476,0.476,0.467,343800,16219775.5,1.9,0.63,0.003,2.97,-0.05179282868525903,0.018170898563993582,634961.5,-0.2505000000000002,2.447,5.4845,0.4826,0.4838,-0.025210084033613356,-0.044117647058823484,-0.044117647058823484,-0.19465193472462028,-0.20583426198353694
2024-04-10,0.475,0.464,0.475,0.46,525556,24399236.3,3.15,-2.52,-0.012,4.54,-0.08840864440078577,0.018413701093651313,635870.05,-0.4460000000000002,2.445,5.492500000000001,0.47619999999999996,0.48069999999999996,-0.0021551724137931494,0.012931034482758452,0.004310344827586299,0.7942437130180655,-0.18571411175426333
2024-04-11,0.462,0.463,0.47,0.46,958766,44703788.8,2.16,-0.22,-0.001,8.28,-0.08678500986193294,0.018420646757114426,626342.9,-0.43750000000000017,2.455,5.41,0.47119999999999995,0.47809999999999997,0.002159827213822796,0.010799136069114423,0.002159827213822796,0.6951379941031064,-0.1809716284423878
2024-04-12,0.465,0.464,0.472,0.463,349155,16291268.829,1.94,0.22,0.001,3.02,-0.09019607843137256,0.01832916518054225,602261.85,-0.4560000000000001,2.4535,5.202,0.46799999999999997,0.4774,0.006465517241379226,-0.015086206896551713,0.030172413793103425,0.8553162483219874,0.06311353077323001
2024-04-15,0.465,0.467,0.472,0.461,438953,20470137.6,2.37,0.65,0.003,3.79,-0.064128256513026,0.018029128561362382,584620.55,-0.3155000000000002,2.4445,5.0495,0.4668,0.47539999999999993,-0.025695931477516032,-0.021413276231263434,0.05353319057815842,0.7912748632244593,0.4514417523944305
2024-04-16,0.466,0.455,0.467,0.453,446510,20512592.5,3.0,-2.57,-0.012,3.86,-0.09542743538767395,0.018499621762182703,579961.35,-0.48400000000000015,2.4945,5.0095,0.4626,0.4726,0.03296703296703285,0.0,0.0703296703296703,0.3269746462530603,0.20683445819157753
2024-04-17,0.459,0.47,0.471,0.457,437590,20408863.4,3.08,3.3,0.015,3.78,-0.0873786407766991,0.019336615256350373,568342.8,-0.4385000000000002,2.5290000000000004,4.909,0.4638,0.4699999999999999,-0.004255319148936065,-0.008510638297872242,0.04893617021276597,-0.18773280404770853,0.004987244074935893
2024-04-18,0.466,0.468,0.475,0.463,501191,23489332.6,2.55,-0.43,-0.002,4.33,-0.08771929824561397,0.01933628736781308,569919.0,-0.4405000000000002,2.5885000000000002,4.922499999999999,0.4648,0.46799999999999997,-0.023504273504273532,-0.008547008547008517,0.04487179487179471,-0.1931737520137944,0.04281923718091485
2024-04-19,0.466,0.457,0.466,0.454,355837,16307135.2,2.56,-2.35,-0.011,3.07,-0.11434108527131781,0.01962901410799455,573147.95,-0.5870000000000002,2.6385,4.95,0.46340000000000003,0.4657,0.0,0.045951859956236296,0.054704595185995464,-0.30673876122214716,-0.07095965786204494
2024-04-22,0.45,0.457,0.458,0.445,637681,28969711.8,2.84,0.0,0.0,5.51,-0.107421875,0.019666403164728122,577755.55,-0.5480000000000003,2.674,4.99,0.4614,0.4641,-0.004376367614879695,0.07658643326039383,0.06783369803063444,-0.24710390919970726,-0.055382790280930405
2024-04-23,0.456,0.455,0.46,0.452,247239,11254869.7,1.75,-0.44,-0.002,2.14,-0.10433070866141736,0.01965998674041852,549928.85,-0.5310000000000002,2.6345,4.75,0.4614,0.462,0.02417582417582409,0.0703296703296703,0.05494505494505497,-0.0486890155877856,0.03184851462809757
2024-04-24,0.456,0.466,0.466,0.455,325039,15016065.7,2.42,2.42,0.011,2.81,-0.05858585858585852,0.020102570761120105,542203.95,-0.28200000000000025,2.6079999999999997,4.6834999999999996,0.4606,0.46220000000000006,-0.0042918454935622075,0.05793991416309008,0.025751072961373245,0.09174651561330727,-0.04961461726663552
2024-04-25,0.464,0.464,0.47,0.46,509784,23695111.8,2.15,-0.43,-0.002,4.4,-0.05112474437627801,0.019987868410947015,518074.7,-0.24300000000000024,2.564,4.475,0.4598,0.46230000000000004,0.030172413793103425,0.0538793103448274,0.030172413793103425,0.14256002535943613,-0.05980688677175261
2024-04-26,0.464,0.478,0.479,0.464,1132186,53857638.783,3.23,3.02,0.014,9.78,0.014861995753715496,0.019530738792168118,546235.3,0.09199999999999978,2.531,4.718500000000001,0.46399999999999997,0.46369999999999995,0.029288702928870425,0.008368200836819994,-0.012552301255230103,0.10736478372170888,-0.2794320381560026
2024-04-29,0.478,0.492,0.492,0.478,896727,43575667.51,2.93,2.93,0.014,7.75,0.010266940451745477,0.01913785645592376,567138.1,0.06849999999999978,2.476,4.8995,0.471,0.4662,-0.010162601626016232,-0.008130081300813052,-0.03658536585365857,-0.2733700376132071,-0.5220344401042605
2024-04-30,0.491,0.487,0.492,0.483,790648,38470198.4,1.83,-1.02,-0.005,6.83,0.008281573498964745,0.019190438348004258,576118.65,0.058499999999999774,2.465,4.976999999999999,0.4774,0.4694,0.012320328542094527,-0.014373716632443578,-0.014373716632443578,-0.27078540022397635,-0.432227714707343
2024-05-06,0.493,0.493,0.498,0.491,607781,30112330.2,1.44,1.23,0.006,5.25,-0.006048387096774244,0.01839768477436003,582089.35,-0.014500000000000225,2.413,5.028499999999999,0.48279999999999995,0.47170000000000006,-0.008113590263691739,-0.030425963488843855,-0.020283975659229236,-0.38403471283655644,-0.40652653578264375
2024-05-07,0.492,0.489,0.497,0.487,617897,30346391.9,2.03,-0.81,-0.004,5.34,0.002049180327868827,0.018116276819248045,595946.2,0.02549999999999978,2.3835,5.1485,0.4878,0.47380000000000005,-0.014314928425357865,-0.02249488752556239,-0.018404907975460127,-0.40031230350947167,-0.42039492618799
2024-05-08,0.488,0.482,0.488,0.479,1050257,50497536.4,1.84,-1.43,-0.007,9.07,0.004166666666666652,0.018021443311458777,602793.45,0.035999999999999775,2.3525,5.2075,0.48860000000000003,0.4763,0.012448132780082943,-0.020746887966805017,0.0,-0.38735751490965475,-0.42281553099845615
2024-05-09,0.481,0.488,0.488,0.48,466969,22640349.6,1.66,1.24,0.006,4.03,0.031712473572938826,0.017854504269935505,581978.3,0.17099999999999976,2.3415,5.0275,0.4878,0.47939999999999994,-0.016393442622950838,-0.02868852459016391,-0.03073770491803285,-0.3358732103171579,-0.39112860763403645
2024-05-10,0.488,0.48,0.489,0.478,440326,21147355.446,2.25,-1.64,-0.008,3.8,0.008403361344537785,0.018263348971117033,586804.6,0.057499999999999774,2.359,5.069,0.4864,0.4819,-0.004166666666666652,0.0,-0.03541666666666654,-0.3384195220632421,-0.3911755377393814
2024-05-13,0.477,0.478,0.482,0.473,329238,15732685.25,1.88,-0.42,-0.002,2.84,0.030172413793103425,0.017279237612783434,576988.7,0.16249999999999978,2.2955,4.984,0.48339999999999994,0.4831,0.0,0.010460251046025215,-0.012552301255230103,-0.18095649074261322,-0.2299454981237522
2024-05-14,0.48,0.478,0.485,0.476,401367,19213991.0,1.88,0.0,0.0,3.47,0.03239740820734327,0.017261110994535506,549118.75,0.1734999999999998,2.2815,4.743499999999999,0.4812,0.4845,-0.012552301255230103,0.004184100418409997,-0.027196652719665204,-0.13343816499085204,-0.18487200771214995
2024-05-15,0.477,0.472,0.48,0.472,369678,17594764.2,1.67,-1.26,-0.006,3.19,0.01724137931034475,0.017553123620390392,550144.9,0.09949999999999978,2.268,4.752,0.47919999999999996,0.48390000000000005,0.004237288135593209,0.021186440677966045,-0.010593220338982912,-0.40101065775033795,-0.0774685572780549
2024-05-16,0.475,0.474,0.48,0.474,254920,12167575.01,1.27,0.42,0.002,2.2,0.01498929336188426,0.017523657864433072,540943.25,0.08799999999999977,2.213,4.6725,0.47640000000000005,0.4821000000000001,0.012658227848101333,-0.002109704641350185,-0.006329113924050667,0.43030551848850784,0.3130894082777098
2024-05-17,0.472,0.48,0.481,0.471,260466,12427665.5,2.11,1.27,0.006,2.25,0.05494505494505497,0.016531768082660513,531641.05,0.2799999999999997,2.1685000000000003,4.5920000000000005,0.47640000000000005,0.4814,0.006250000000000089,-0.03541666666666654,-0.01666666666666672,0.34317110525500083,0.14944321405410532
2024-05-20,0.48,0.483,0.487,0.478,420788,20322728.1,1.88,0.63,0.003,3.63,0.027659574468085202,0.01497228208499006,530800.95,0.14649999999999977,2.1085,4.5845,0.4774,0.48039999999999994,-0.006211180124223614,-0.022774327122153215,-0.0165631469979296,0.789897372994903,0.22106860183961263
2024-05-21,0.482,0.48,0.484,0.479,581139,27925723.7,1.04,-0.62,-0.003,5.02,0.02564102564102555,0.01501797027921245,534798.35,0.1369999999999998,2.033,4.619000000000001,0.47779999999999995,0.4795,0.004166666666666652,-0.03124999999999989,-0.006249999999999978,0.7246001180756243,0.2334858557348538
2024-05-22,0.48,0.482,0.483,0.477,271546,13041292.9,1.25,0.42,0.002,2.35,0.054704595185995464,0.013833370578178017,530583.8,0.2754999999999998,1.9674999999999998,4.583,0.4798,0.4795,-0.018672199170124526,-0.03112033195020736,-0.012448132780083054,1.5749471399370578,0.3284473942734216
2024-05-23,0.482,0.473,0.483,0.473,503633,24005594.7,2.07,-1.87,-0.009,4.35,0.035010940919037115,0.014636018471006339,523881.4,0.1819999999999998,1.9289999999999998,4.525,0.4796,0.47800000000000004,-0.0211416490486257,-0.0042283298097252064,0.00634249471458781,0.3710511105068457,0.11095215154872817
2024-05-24,0.473,0.463,0.476,0.461,522291,24377905.6,3.17,-2.11,-0.01,4.51,0.01758241758241752,0.015466331919720095,537634.0,0.09849999999999977,2.0,4.6434999999999995,0.47620000000000007,0.4763,0.01943844492440605,0.01943844492440605,0.01943844492440605,-0.015563919543029159,-0.16018884894610852
2024-05-27,0.463,0.472,0.472,0.458,824346,38219069.7,3.02,1.94,0.009,7.12,0.012875536480686511,0.015124975628732069,562599.35,0.07449999999999976,2.0300000000000002,4.859,0.47400000000000003,0.47569999999999996,-0.01483050847457612,0.006355932203389925,0.025423728813559254,-0.4446008568655564,-0.19518805946045115
2024-05-28,0.471,0.465,0.476,0.465,361704,16941847.4,2.33,-1.48,-0.007,3.12,0.0021551724137931494,0.01548899332573063,555195.35,0.021999999999999763,2.039,4.795,0.471,0.4744,0.004301075268817289,0.02580645161290307,0.043010752688172005,-0.8599951745358708,-0.3684985601291584
2024-05-29,0.466,0.467,0.469,0.463,189837,8844764.1,1.29,0.43,0.002,1.64,-0.023012552301255096,0.013849502808469888,508077.9,-0.10750000000000022,1.9419999999999997,4.388,0.46799999999999997,0.4739,0.008565310492505196,0.01927194860813697,0.03854389721627394,-0.7657673985239611,-0.3465741767052848
2024-05-30,0.465,0.471,0.474,0.46,315113,14762364.031,3.0,0.86,0.004,2.72,-0.04268292682926833,0.012126476503082944,478997.2,-0.2110000000000003,1.9454999999999998,4.1365,0.4676,0.47359999999999997,0.002123142250530785,0.010615711252653925,0.04033970276008492,-0.8017081328644929,-0.34975663388975
2024-05-31,0.471,0.472,0.477,0.469,328068,15545076.6,1.7,0.21,0.001,2.83,-0.030800821355236208,0.012007613588036255,455868.2,-0.14950000000000024,1.939,3.9365,0.4694,0.4728,0.006355932203389925,0.0,0.052966101694915224,-0.5356115255479634,-0.27383933580604725
2024-06-03,0.471,0.475,0.478,0.469,279811,13263473.8,1.91,0.64,0.003,2.42,-0.0365111561866126,0.011717003562787513,439469.7,-0.17900000000000024,1.9625,3.7950000000000004,0.47000000000000003,0.4720000000000001,0.004210526315789442,0.0189473684210526,0.054736842105263195,0.38282915320508626,-0.2713922544409957
2024-06-04,0.475,0.477,0.477,0.47,433792,20563942.0,1.47,0.42,0.002,3.75,-0.024539877300613466,0.011691121226288324,430264.45,-0.11750000000000024,1.9344999999999999,3.7155,0.47240000000000004,0.47169999999999995,-0.002096436058700246,0.016771488469601747,0.04612159329140475,4.289045352639651,-0.23746057733445092
2024-06-05,0.476,0.476,0.483,0.476,386777,18523106.2,1.47,-0.21,-0.001,3.34,-0.012448132780083054,0.011280456112246201,397090.45,-0.05650000000000025,1.9159999999999997,3.429,0.4741999999999999,0.47109999999999996,0.0,0.018907563025210017,0.03571428571428581,2.1112328477109017,-0.14322867820002094
2024-06-06,0.481,0.476,0.484,0.474,464705,22283958.3,2.1,0.0,0.0,4.01,-0.024590163934426257,0.010860219334756487,396977.25,-0.11850000000000024,1.938,3.428,0.47519999999999996,0.47139999999999993,-0.008403361344537785,0.02941176470588247,0.04201680672268915,2.8319920092174695,-0.03378763230978232
2024-06-07,0.476,0.472,0.48,0.467,466306,21994516.7,2.73,-0.84,-0.004,4.03,-0.01666666666666672,0.010409016884860133,398276.25,-0.07850000000000026,1.9620000000000002,3.4395,0.47519999999999996,0.4723,0.025423728813559254,0.052966101694915224,0.025423728813559254,0.7728124566876946,0.4857992889970175
2024-06-11,0.47,0.484,0.484,0.468,507808,24269115.8,3.39,2.54,0.012,4.39,0.012552301255230214,0.01189977339589481,407204.75,0.06949999999999974,2.0375,3.5170000000000003,0.477,0.47350000000000003,0.0020661157024792765,0.03512396694214881,-0.030991735537190146,-0.5440038639260165,0.40396421333186616
2024-06-12,0.485,0.485,0.49,0.482,412356,19972714.6,1.65,0.21,0.001,3.56,0.014644351464435212,0.011902425652164032,407754.2,0.07999999999999974,2.0260000000000002,3.5215000000000005,0.47859999999999997,0.4755,0.0,0.02886597938144342,0.0,-0.41715619340365095,1.1666842344958774
2024-06-13,0.485,0.485,0.492,0.484,349226,17000584.6,1.65,0.0,0.0,3.02,0.02754237288135597,0.011485241289509127,406731.6,0.14299999999999974,2.025,3.5130000000000003,0.48040000000000005,0.47729999999999995,0.010309278350515427,0.016494845360824684,-0.012371134020618513,-0.13927601973511938,1.1877176308504986
2024-06-14,0.483,0.49,0.491,0.481,311665,15185422.09,2.06,1.03,0.005,2.69,0.03375527426160341,0.011642748624846792,409568.85,0.1734999999999997,2.0645,3.5375,0.48319999999999996,0.47919999999999996,0.014285714285714235,0.012244897959183598,-0.01632653061224487,-0.1842904335038269,1.1342977115294803
2024-06-17,0.49,0.497,0.501,0.487,590239,29299347.1,2.86,1.43,0.007,5.1,0.03541666666666665,0.011728552244940592,426057.5,0.18149999999999974,2.102,3.6800000000000006,0.48819999999999997,0.4817,0.008048289738430636,-0.026156941649899457,-0.03420523138832998,0.304133333542969,0.9327450408492579
2024-06-18,0.498,0.501,0.505,0.497,391608,19612076.5,1.61,0.8,0.004,3.38,0.037267080745341685,0.011771221520696235,424598.5,0.18999999999999972,2.0885000000000002,3.6674999999999995,0.49160000000000004,0.4843,-0.003992015968063867,-0.06387225548902198,-0.05389221556886237,1.5429261498641806,0.8976828387514033
2024-06-19,0.502,0.499,0.504,0.495,362505,18067059.1,1.8,-0.4,-0.002,3.13,0.039583333333333304,0.011701019752041986,413666.8,0.20099999999999976,2.1265,3.5729999999999995,0.4944,0.48650000000000004,-0.012024048096192397,-0.028056112224448926,-0.05010020040080165,2.4784666119963186,0.8200981955843338
2024-06-20,0.498,0.493,0.502,0.492,1132715,56243875.094,2.0,-1.2,-0.006,9.78,0.022821576763485396,0.012097176317131104,456725.25,0.11999999999999975,2.164,3.9445,0.496,0.48819999999999997,0.006085192697768749,-0.028397565922920864,-0.0486815415821501,1.3927002921124534,0.6272568771182434
2024-06-21,0.487,0.496,0.496,0.484,291799,14327874.6,2.43,0.61,0.003,2.52,0.04862579281183943,0.01118948534756168,446133.55,0.24399999999999977,2.182,3.8529999999999993,0.4972,0.4902,-0.024193548387096753,-0.028225806451612878,-0.05443548387096775,1.5144174684850022,0.607185723467319
2024-06-24,0.493,0.484,0.497,0.482,264718,12988605.4,3.02,-2.42,-0.012,2.29,0.04535637149028071,0.011543168672102627,433254.9,0.22849999999999976,2.1745,3.742,0.4946,0.49139999999999995,-0.030991735537190146,-0.008264462809917328,-0.04132231404958675,0.8069666053982141,0.20980547525156057
2024-06-25,0.482,0.469,0.483,0.466,884296,41764776.2,3.51,-3.1,-0.015,7.64,-0.006355932203389814,0.013013057029723296,436252.4,-0.023500000000000253,2.199,3.768,0.48819999999999997,0.4899,0.034115138592750505,0.010660980810234477,0.029850746268656803,0.2959829177297273,0.2815600651788768
2024-06-26,0.469,0.485,0.486,0.468,417775,19833911.7,3.84,3.41,0.016,3.61,0.043010752688172005,0.014626676133449031,439055.95,0.22099999999999972,2.2745,3.7924999999999995,0.48539999999999994,0.4899,-0.012371134020618513,-0.02268041237113405,0.0020618556701030855,-0.6909840103112082,-0.16196855320312298
2024-06-27,0.483,0.479,0.489,0.478,280126,13527543.9,2.27,-1.24,-0.006,2.42,0.025695931477516032,0.014972207018942568,443570.4,0.13749999999999973,2.3235,3.8314999999999997,0.4826,0.48929999999999996,0.006263048016701411,-0.02087682672233826,0.029227557411273475,-0.7068630205389332,-0.18564677521444406
2024-06-28,0.478,0.482,0.489,0.476,329261,15935215.7,2.71,0.63,0.003,2.84,0.023354564755838636,0.01492279042887868,444277.8,0.12599999999999975,2.309,3.8375,0.4798,0.4885,-0.004149377593360981,-0.026970954356846488,0.016597510373443924,-0.7771384199036803,-0.16608945574242095
2024-07-01,0.482,0.48,0.483,0.471,425363,20286041.1,2.49,-0.41,-0.002,3.67,0.016949152542372836,0.014969550865190858,449142.55,0.09499999999999975,2.3485,3.8794999999999993,0.479,0.48679999999999995,-0.012500000000000067,-0.033333333333333215,0.008333333333333304,-0.7426338195946139,-0.10104605220786178
2024-07-02,0.479,0.474,0.482,0.473,532682,25436429.3,1.88,-1.25,-0.006,4.6,-0.002105263157894721,0.015202929127868775,461786.1,0.0004999999999997451,2.347,3.9884999999999997,0.48,0.4840999999999999,0.0,0.018987341772152,0.05696202531645578,0.10126573034256081,0.042312960669752764
2024-07-03,0.475,0.474,0.479,0.469,755783,35694124.8,2.11,0.0,0.0,6.53,-0.0062893081761006275,0.015170735360878812,477885.65,-0.020500000000000247,2.379,4.1274999999999995,0.47779999999999995,0.4816,-0.010548523206751037,0.025316455696202445,0.04219409282700415,1.6243881369649094,0.09027488871345968
2024-07-04,0.474,0.469,0.478,0.467,636865,30211644.3,2.32,-1.05,-0.005,5.5,-0.014705882352941235,0.015342906490298989,490390.05,-0.06250000000000025,2.4215,4.2355,0.4757999999999999,0.47919999999999996,0.0,0.05117270788912576,0.04264392324093813,1.534721889846399,0.09178575263251165
2024-07-05,0.468,0.469,0.471,0.46,332221,15424279.4,2.35,0.0,0.0,2.87,-0.014705882352941235,0.015342906490298989,483765.85,-0.06250000000000025,2.434,4.1785,0.4732,0.4765,-0.010660980810234477,0.044776119402985204,0.05970149253731338,2.4958780528670403,0.12560943649488698
2024-07-08,0.468,0.464,0.47,0.462,352860,16466966.8,1.71,-1.07,-0.005,3.05,-0.016949152542372725,0.015411268156730488,478093.55,-0.07400000000000026,2.383,4.1295,0.47000000000000003,0.47450000000000003,0.04094827586206895,0.04310344827586188,0.07327586206896552,2.3584020657319957,0.15260135722068546
2024-07-09,0.464,0.483,0.483,0.463,374768,17817303.0,4.31,4.09,0.019,3.24,-0.0020661157024793875,0.017097263113098744,471441.55,0.0034999999999997477,2.429,4.072,0.4718,0.47589999999999993,0.006211180124223503,0.037267080745341685,-0.008281573498964856,-0.12798275496418254,0.05158790474201935
2024-07-10,0.481,0.486,0.488,0.48,255186,12363663.2,1.66,0.62,0.003,2.2,0.0020618556701030855,0.017148234033529133,463583.05,0.023999999999999726,2.4295,4.004,0.4742,0.476,0.014403292181069949,0.016460905349794164,-0.028806584362139898,-0.011585657357935819,0.28265588227135185
2024-07-11,0.49,0.493,0.496,0.484,384119,18880029.1,2.47,1.44,0.007,3.32,0.016494845360824684,0.017437550416085582,465327.7,0.09599999999999972,2.4705,4.019,0.479,0.4774,-0.006085192697768749,-0.008113590263691739,-0.04665314401622722,0.06054539958568905,0.23553306953637998
2024-07-12,0.486,0.49,0.492,0.484,291452,14210389.6,1.62,-0.61,-0.003,2.52,0.0,0.01736018478704075,464317.05,0.01399999999999973,2.4485,4.0105,0.48319999999999996,0.4782,-0.01224489795918371,0.014285714285714235,-0.032653061224489854,0.06693390669630284,0.2462389326768084
2024-07-15,0.488,0.484,0.49,0.483,304030,14776226.8,1.43,-1.22,-0.006,2.63,-0.026156941649899457,0.017235750337277016,450006.6,-0.11850000000000027,2.377,3.8869999999999996,0.48719999999999997,0.4786,0.03512396694214881,0.02892561983471076,-0.02892561983471076,-0.030952118041630783,0.1973366378363275
2024-07-16,0.484,0.501,0.502,0.482,559798,27740206.2,4.13,3.51,0.017,4.84,0.0,0.01897470398114793,458416.1,0.016999999999999703,2.5029999999999997,3.96,0.49079999999999996,0.48129999999999995,-0.013972055888223589,-0.043912175648702645,-0.06387225548902198,0.08745484195425868,-0.21749347550720122
2024-07-17,0.5,0.494,0.501,0.492,657021,32616243.0,1.8,-1.4,-0.007,5.68,-0.01002004008016033,0.01921955200073899,473141.9,-0.03300000000000029,2.503,4.0875,0.49239999999999995,0.4833,-0.010121457489878583,-0.044534412955465674,-0.014170040485829927,-0.033732705716492783,0.012473431195343387
2024-07-18,0.49,0.489,0.491,0.476,451077,21838991.9,3.04,-1.01,-0.005,3.9,-0.008113590263691739,0.019163248341761634,439060.0,-0.02350000000000029,2.555,3.7935000000000003,0.4915999999999999,0.48530000000000006,0.01635991820040905,-0.03885480572597144,-0.006134969325153339,-0.013950346860614915,0.0024725173875068673
2024-07-19,0.486,0.497,0.499,0.485,309118,15280248.4,2.86,1.64,0.008,2.67,0.002016129032258007,0.019476744743167036,439925.95,0.027999999999999702,2.5765000000000002,3.8010000000000006,0.493,0.48810000000000003,0.002012072434607548,-0.046277665995975936,-0.05030181086519114,-0.163535227568252,0.032004090862731926
2024-07-22,0.498,0.498,0.5,0.494,457629,22741294.6,1.21,0.2,0.001,3.95,0.02892561983471076,0.018605706274213513,449571.5,0.15899999999999972,2.4859999999999998,3.8839999999999995,0.4958,0.49149999999999994,-0.0381526104417671,-0.05622489959839361,-0.09036144578313254,-0.1482866731127599,0.20557432164915346
2024-07-23,0.497,0.479,0.498,0.478,428945,20869968.7,4.02,-3.82,-0.019,3.71,0.021321961620469176,0.019320849715410513,426803.95,0.1229999999999997,2.5115,3.6875,0.49139999999999995,0.4911,-0.014613778705636737,-0.02087682672233826,-0.0438413361169101,-0.5778463431921337,0.07324208647004182
2024-07-24,0.479,0.472,0.482,0.471,351912,16742054.6,2.3,-1.46,-0.007,3.04,-0.026804123711340222,0.017981900942987836,423510.8,-0.12050000000000027,2.4345,3.659,0.487,0.4897,-0.004237288135593209,0.03177966101694918,-0.040254237288135486,-0.06715639235776594,0.05028977702283832
2024-07-25,0.469,0.47,0.472,0.464,355252,16607239.9,1.69,-0.42,-0.002,3.07,-0.018789144050104456,0.017807197391058415,427267.1,-0.07950000000000026,2.4055,3.6915,0.48319999999999996,0.48739999999999994,0.008510638297872353,0.03404255319148941,-0.03617021276595733,-0.08486941643443136,0.10030411901510128
2024-07-26,0.469,0.474,0.475,0.466,524101,24734306.2,1.91,0.85,0.004,4.53,-0.016597510373444035,0.01786111633117744,437009.1,-0.06850000000000028,2.3655,3.776,0.47859999999999997,0.48579999999999995,-0.008438818565400852,-0.00421940928270037,-0.04008438818565396,0.3372022579040981,0.06680226065641293
2024-07-29,0.474,0.47,0.477,0.47,155828,7361957.3,1.48,-0.84,-0.004,1.35,-0.02083333333333337,0.017930513049287163,423532.35,-0.09000000000000027,2.315,3.66,0.473,0.48439999999999994,-0.0021276595744680327,-0.03617021276595733,-0.04042553191489351,0.7662002338241349,0.0756469401752049
2024-07-30,0.469,0.469,0.471,0.462,437403,20399155.532,1.91,-0.21,-0.001,3.78,-0.010548523206751037,0.01772618793387784,418768.4,-0.03800000000000027,2.3165,3.6189999999999998,0.4709999999999999,0.4812,0.03837953091684443,-0.023454157782515916,-0.02985074626865658,2.6786415891390547,0.46577673242070117
2024-07-31,0.469,0.487,0.487,0.468,415080,19973262.0,4.05,3.84,0.018,3.59,0.02742616033755274,0.019733453605877124,401733.25,0.15399999999999972,2.4135,3.472,0.4739999999999999,0.4805,-0.002053388090349051,-0.06981519507186851,-0.07392197125256672,0.08507048049113197,-0.19415605006047298
2024-08-01,0.487,0.486,0.49,0.482,391413,19015237.7,1.64,-0.21,-0.001,3.38,0.03624733475479758,0.019550195200916907,389460.65,0.19599999999999973,2.3795,3.3660000000000005,0.4772,0.48019999999999996,-0.028806584362139898,-0.0679012345679012,-0.06584362139917688,0.11886051300757239,-0.1571552922039101
2024-08-02,0.48,0.472,0.485,0.472,289268,13824619.6,2.67,-2.88,-0.014,2.5,0.006396588486140775,0.020728013133395767,387313.0,0.051999999999999734,2.3954999999999997,3.3475,0.4768,0.4776999999999999,-0.040254237288135486,-0.03601694915254228,-0.03813559322033888,-0.17366888084390486,-0.2811881715152236
2024-08-05,0.466,0.453,0.472,0.452,534105,24627747.9,4.24,-4.03,-0.019,4.61,-0.0237068965517242,0.022544922629458588,396375.25,-0.09600000000000028,2.522,3.4255000000000004,0.4734,0.4732,0.011037527593819041,-0.004415011037527616,0.0,-0.6990234162467293,-0.6678438056231673
2024-08-06,0.46,0.458,0.462,0.451,267290,12177639.3,2.43,1.1,0.005,2.31,-0.05175983436852993,0.020519854291474,391001.35,-0.24550000000000027,2.428,3.3790000000000004,0.47119999999999995,0.4711,-0.01091703056768556,-0.0065502183406113135,-0.02183406113537123,-0.730918803041224,-0.6585177445414641
2024-08-07,0.458,0.453,0.459,0.452,565813,25798456.1,1.53,-1.09,-0.005,4.89,-0.0679012345679012,0.020496610939910672,406532.7,-0.3310000000000003,2.4215,3.5135000000000005,0.46440000000000003,0.4692,0.0,-0.004415011037527616,-0.013245033112582738,-0.6158385546554532,-0.6863889380510999
2024-08-08,0.452,0.453,0.459,0.446,362757,16407228.66,2.87,0.0,0.0,3.13,-0.08113590263691683,0.02009049995877645,405464.6,-0.4030000000000003,2.4415,3.504,0.45780000000000004,0.46749999999999997,0.004415011037527616,0.002207505518763808,-0.02428256070640178,-0.5877244308460419,-0.6566596038999565
2024-08-09,0.458,0.455,0.46,0.454,433983,19882886.1,1.32,0.44,0.002,3.75,-0.0714285714285714,0.02017100404101492,412591.15,-0.35050000000000026,2.4265,3.5655,0.4544,0.46559999999999996,-0.00879120879120876,-0.00219780219780219,-0.02637362637362639,-0.587499153523254,-0.6621968557406476
2024-08-12,0.452,0.451,0.455,0.449,445478,20068774.7,1.32,-0.88,-0.004,3.85,-0.06818181818181812,0.0201069258286827,419663.55,-0.33350000000000024,2.421,3.6265,0.454,0.46370000000000006,0.008869179600886845,0.0044345898004434225,-0.022172949002217335,-0.22453582417207074,-0.6755792113288269
2024-08-13,0.45,0.455,0.455,0.449,325815,14706423.9,1.33,0.89,0.004,2.81,-0.09181636726546905,0.01823386524009212,407964.4,-0.46450000000000025,2.281,3.525,0.45339999999999997,0.46230000000000004,-0.00879120879120876,-0.015384615384615441,-0.0483516483516484,-0.1624050038174868,-0.660718666031863
2024-08-14,0.455,0.451,0.455,0.45,164184,7431832.4,1.1,-0.88,-0.004,1.42,-0.08704453441295545,0.0181308971062409,383322.55,-0.4385000000000002,2.2459999999999996,3.312,0.453,0.4587,0.006651884700665134,-0.008869179600886956,-0.037694013303769425,-0.19757120151868757,-0.5345624134496736
2024-08-15,0.45,0.454,0.458,0.449,233347,10590811.1,2.0,0.67,0.003,2.02,-0.07157464212678932,0.01823924871398167,372436.05,-0.35450000000000026,2.194,3.218,0.4532,0.45549999999999996,0.0,-0.026431718061673992,-0.03083700440528636,-0.37749642737357614,-0.47096501998379114
2024-08-16,0.455,0.454,0.458,0.453,222760,10139988.76,1.1,0.0,0.0,1.92,-0.08651911468812878,0.017657015870159727,368118.15,-0.4365000000000002,2.106,3.1805,0.453,0.4537000000000001,-0.0022026431718061845,-0.024229074889867808,0.0022026431718060735,-0.281343652069477,-0.011638602293410627
2024-08-19,0.454,0.453,0.458,0.453,139024,6332864.0,1.1,-0.22,-0.001,1.2,-0.09036144578313254,0.01760196036268746,352187.9,-0.4575000000000003,2.1005,3.043,0.45339999999999997,0.4537,-0.011037527593819041,-0.026490066225165587,-0.026490066225165587,-0.1810517477462602,1.2903213012964825
2024-08-20,0.453,0.448,0.454,0.446,276427,12408659.8,1.77,-1.1,-0.005,2.39,-0.06471816283924836,0.015835269805392405,344562.0,-0.32150000000000023,1.9880000000000002,2.977,0.45200000000000007,0.4527,-0.0022321428571429047,-0.033482142857142905,-0.008928571428571397,0.1289320123038349,1.3906281533794522
2024-08-21,0.447,0.447,0.454,0.445,244214,10962864.2,2.01,-0.22,-0.001,2.11,-0.052966101694915224,0.01560678236755657,339177.1,-0.2595000000000003,1.9735,2.9305,0.45120000000000005,0.4521,-0.011185682326621982,-0.029082774049216997,-0.01342281879194629,0.3986994618549289,1.637689472624671
2024-08-22,0.448,0.442,0.448,0.44,307297,13619567.8,1.79,-1.12,-0.005,2.65,-0.05957446808510636,0.01572203053550736,336779.35,-0.29450000000000026,1.9785,2.9095,0.44880000000000003,0.45100000000000007,0.002262443438914019,-0.004524886877828038,-0.002262443438914019,1.1850940431772554,1.3585609831247791
2024-08-23,0.441,0.443,0.444,0.437,230642,10155362.6,1.58,0.23,0.001,1.99,-0.06540084388185652,0.015543402728057107,322106.4,-0.32550000000000023,1.9620000000000002,2.7824999999999998,0.4466,0.44980000000000003,-0.004514672686230292,0.02708803611738153,-0.02708803611738153,2.3002460152000612,1.6086861084497626
2024-08-26,0.444,0.441,0.445,0.439,124035,5485544.9,1.35,-0.45,-0.002,1.07,-0.06170212765957439,0.015499308890410794,320516.75,-0.30600000000000027,1.9555,2.7685000000000004,0.44420000000000004,0.4488,-0.01814058956916098,0.0,-0.027210884353741527,3.421001638110101,1.7154089516237185
2024-08-27,0.441,0.433,0.441,0.432,193796,8424236.9,2.04,-1.81,-0.008,1.67,-0.07675906183368864,0.015857788375231035,308336.4,-0.3860000000000003,1.9620000000000002,2.663,0.4412,0.44659999999999994,0.002309468822170979,0.025404157043879882,0.004618937644341736,1.940371162355564,1.5229312149629224
2024-08-28,0.433,0.434,0.435,0.43,209413,9054108.4,1.15,0.23,0.001,1.81,-0.10882956878850103,0.012494946127067308,298053.05,-0.5665000000000002,1.8169999999999997,2.574,0.4386,0.44489999999999996,0.01382488479262678,0.016129032258064502,-0.0023041474654378336,1.727023169727127,1.4688934004527092
2024-08-29,0.43,0.44,0.442,0.429,230176,10028919.7,3.0,1.38,0.006,1.99,-0.09465020576131689,0.013220170070920786,289991.2,-0.48700000000000027,1.8849999999999998,2.5045,0.4382,0.44349999999999995,0.03409090909090917,0.002272727272727204,-0.022727272727272707,1.004075858576618,1.0369355139210983
2024-08-30,0.439,0.455,0.458,0.439,316985,14350453.2,4.32,3.41,0.015,2.74,-0.03601694915254228,0.014633273762028404,291377.05,-0.17250000000000026,1.9675,2.5165,0.44060000000000005,0.4436,-0.03076923076923077,-0.05274725274725278,-0.06373626373626384,-0.20537001993906923,-0.12581383080302733
2024-09-02,0.454,0.441,0.455,0.44,563864,25070235.0,3.3,-3.08,-0.014,4.87,-0.026490066225165587,0.013422660456514824,292865.0,-0.12500000000000022,1.9205,2.5295,0.4406,0.44239999999999996,0.006802721088435382,-0.027210884353741527,-0.043083900226757454,-0.573604045970444,-0.4447539723601285
2024-09-03,0.439,0.444,0.446,0.439,147156,6519106.8,1.59,0.68,0.003,1.27,-0.030567685589519722,0.013250826549185859,286858.3,-0.1460000000000002,1.8785,2.4775,0.44279999999999997,0.442,-0.006756756756756799,-0.020270270270270285,-0.03828828828828834,-0.43917377753334097,-0.401685796843296
2024-09-04,0.437,0.441,0.443,0.436,276760,12171505.2,1.58,-0.68,-0.003,2.39,-0.026490066225165587,0.013126756838005129,272405.65,-0.12550000000000022,1.8809999999999998,2.3525,0.44420000000000004,0.44139999999999996,0.0,-0.01814058956916098,-0.027210884353741527,-0.45686508968875716,-0.3901744423795981
2024-09-05,0.441,0.441,0.446,0.438,260991,11538420.3,1.81,0.0,0.0,2.25,-0.026490066225165587,0.013126756838005129,267317.35,-0.12550000000000022,1.828,2.3085,0.4444,0.4413,-0.02267573696145131,-0.024943310657596363,-0.02947845804988669,-0.4451299172168457,-0.38029358722017914
2024-09-06,0.442,0.431,0.442,0.431,286511,12422299.6,2.49,-2.27,-0.01,2.47,-0.05274725274725278,0.013886132564695132,259943.75,-0.26100000000000023,1.8865000000000003,2.2445,0.4396,0.4401,-0.004640371229698403,-0.011600928074245953,0.03248259860788871,-0.40620739244556037,-0.18972775077412463
2024-09-09,0.43,0.429,0.433,0.426,191552,8221656.7,1.62,-0.46,-0.002,1.65,-0.04878048780487809,0.013819814391301985,247247.45,-0.24000000000000027,1.9015,2.1345,0.4372,0.4389,0.013986013986013957,-0.01631701631701632,0.04195804195804209,-0.10136113181010664,-0.20343855287876167
2024-09-10,0.427,0.435,0.437,0.425,358580,15386273.7,2.8,1.4,0.006,3.1,-0.04395604395604402,0.014084379525675992,248885.7,-0.21450000000000022,1.975,2.149,0.4354,0.4391,-0.0045977011494252595,-0.01839080459770115,0.06666666666666665,-0.32554476479152217,-0.01737475484413531
2024-09-11,0.433,0.433,0.435,0.431,145951,6313693.7,0.92,-0.46,-0.002,1.26,-0.039911308203991136,0.014011347177512514,247974.05,-0.19350000000000023,1.966,2.141,0.4338,0.43899999999999995,-0.006928406466512715,-0.009237875288683584,0.1454965357967668,-0.2682416626732502,0.40834792256662666
2024-09-12,0.434,0.43,0.437,0.429,165266,7152874.0,1.85,-0.69,-0.003,1.43,-0.052863436123348095,0.01390162440886034,244570.0,-0.2615000000000002,1.9585000000000001,2.1115000000000004,0.4316,0.438,-0.009302325581395321,-0.0046511627906976605,0.2697674418604652,-0.29292693058907693,1.0300000170806847
2024-09-13,0.43,0.426,0.434,0.426,168043,7219772.7,1.86,-0.93,-0.004,1.45,-0.06167400881057272,0.01396481632522111,241834.15,-0.3080000000000002,1.9965,2.088,0.4306,0.4351,-0.009389671361502372,0.04460093896713624,0.41079812206572774,1.0365992613728108,2.2178181861292483
2024-09-18,0.426,0.422,0.426,0.418,409240,17290979.5,1.88,-0.94,-0.004,3.54,-0.06843267108167772,0.014033209079145502,255344.95,-0.3440000000000002,2.0355,2.205,0.42919999999999997,0.4332,0.011848341232227444,0.05924170616113744,0.45260663507109,0.6734956074285505,2.9512368244448073
2024-09-19,0.424,0.427,0.432,0.421,273941,11634126.8,2.61,1.18,0.005,2.37,-0.046875,0.014311804053267596,255220.65,-0.23000000000000026,2.0774999999999997,2.2039999999999997,0.4276,0.43149999999999994,0.004683840749414525,0.08665105386416871,0.37470725995316156,1.2756472514132726,3.3606551448638164
2024-09-20,0.428,0.429,0.432,0.425,276819,11847636.9,1.64,0.47,0.002,2.39,-0.04026845637583898,0.014396839451602179,256850.9,-0.19550000000000023,2.059,2.218,0.42679999999999996,0.4303,-0.002331002331002363,0.1561771561771561,0.2983682983682985,2.0253670839225566,3.871190928318316
2024-09-23,0.429,0.428,0.435,0.427,129922,5588310.0,1.86,-0.23,-0.001,1.12,-0.03167420814479638,0.014233244497381293,247982.15,-0.15100000000000022,2.0625,2.1414999999999997,0.42639999999999995,0.429,0.03971962616822444,0.27570093457943945,0.35046728971962615,2.9423840379715838,3.795013156647454
2024-09-24,0.43,0.445,0.445,0.425,686081,29976839.1,4.67,3.97,0.017,5.93,0.004514672686230181,0.016959332458463042,270754.1,0.03599999999999977,2.217,2.3385,0.43019999999999997,0.43039999999999995,0.004494382022471877,0.3505617977528088,0.2764044943820223,1.196726514229888,2.541869613704406
2024-09-25,0.448,0.447,0.46,0.446,389787,17651889.0,3.15,0.45,0.002,3.37,0.013605442176870763,0.016942651402515205,284041.7,0.08099999999999977,2.307,2.4535,0.43520000000000003,0.43220000000000003,0.03803131991051467,0.37136465324384793,0.24384787472035807,1.2177881993559208,2.716604199456177
2024-09-26,0.447,0.464,0.465,0.445,524504,23879343.8,4.47,3.8,0.017,4.53,0.07159353348729791,0.018241643263395085,300577.1,0.36149999999999977,2.4285,2.5965000000000003,0.4426,0.4351,0.06896551724137923,0.2650862068965516,0.2112068965517242,2.019684253365523,2.0394042773683205
2024-09-27,0.469,0.496,0.5,0.469,581206,27903546.6,6.68,6.9,0.032,5.02,0.1428571428571428,0.023360514467282763,319166.75,0.6949999999999997,2.705,2.757,0.45599999999999996,0.44139999999999996,0.10080645161290325,0.12298387096774199,0.22782258064516125,1.5447957279331628,1.174195198554426
2024-09-30,0.52,0.546,0.546,0.515,1006431,53915605.53,6.25,10.08,0.05,8.69,0.24090909090909096,0.03141534048198126,357979.5,1.1299999999999997,2.8675,3.092,0.4796,0.453,0.1007326007326006,0.0586080586080584,0.13003663003663002,0.7186416760022947,0.36261161250154816
2024-10-08,0.601,0.601,0.601,0.601,553780,33282152.157,0.0,10.07,0.055,4.78,0.32087912087912085,0.03699786964645385,369819.25,1.4629999999999999,2.6515,3.194,0.5108,0.47050000000000003,0.019966722129783676,-0.05490848585690522,0.01830282861896837,-0.07249333079041331,-0.04324424162573315
2024-10-09,0.626,0.613,0.657,0.595,1807003,112883511.692,10.32,2.0,0.012,15.61,0.39002267573696137,0.03542693332554794,431976.2,1.7169999999999999,3.0025,3.7310000000000003,0.5439999999999999,0.4896,-0.04241435562805873,-0.09298531810766708,-0.006525285481239762,-0.0506467631498525,0.008911170565526705
2024-10-10,0.612,0.587,0.616,0.578,1111603,66323608.558,6.2,-4.24,-0.026,9.6,0.322072072072072,0.037813990748563654,480198.55,1.4709999999999996,3.2329999999999997,4.1475,0.5686,0.5055999999999999,-0.05110732538330476,-0.042589437819420595,0.0255536626916526,-0.447918562144871,-0.20473384874626643
2024-10-11,0.581,0.557,0.581,0.549,1797829,100877947.848,5.45,-5.11,-0.03,15.53,0.2630385487528346,0.040354223253851365,556252.0,1.2494999999999998,3.4265,4.8045,0.5808,0.5184,0.037701974865349985,0.09335727109515246,0.09156193895870723,-0.41317701594734735,-0.40576692696089434
2024-10-14,0.556,0.578,0.578,0.545,592807,33570970.444,5.92,3.77,0.021,5.12,0.31065759637188206,0.04061967005909094,572842.8,1.438,3.632,4.948,0.5871999999999999,0.5334000000000001,-0.01730103806228378,0.06747404844290661,0.05190311418685134,-0.32527841272745195,-0.424351169095052
2024-10-15,0.576,0.568,0.594,0.567,904229,52677966.093,4.67,-1.73,-0.01,7.81,0.3178654292343386,0.04037869253779877,603728.7,1.4649999999999999,3.7410000000000005,5.215000000000001,0.5805999999999999,0.5457,-0.021126760563380143,0.07746478873239449,0.07570422535211274,0.04929848903784473,-0.4666253370475201
2024-10-16,0.553,0.556,0.566,0.551,849458,47371984.868,2.64,-2.11,-0.012,7.34,0.2960372960372961,0.04095728276258014,636624.0,1.3824999999999998,3.7920000000000003,5.499499999999999,0.5692,0.5566,0.010791366906474753,0.0953237410071941,0.1079136690647482,0.07847234279236592,-0.5156504055100977
2024-10-17,0.563,0.562,0.573,0.561,909611,51672976.9,2.16,1.08,0.006,7.86,0.2919540229885058,0.0409628382219323,664175.55,1.3664999999999998,3.7600000000000002,5.7375,0.5642,0.5664,0.08362989323843406,0.07117437722419906,0.11209964412811368,0.17966701167533627,-0.5140055725707154
2024-10-18,0.562,0.609,0.618,0.56,1117830,66201126.492,10.32,8.36,0.047,9.66,0.40646651270207856,0.04356119759564224,712769.5,1.8074999999999999,4.23,6.157500000000001,0.5746,0.5777,0.013136288998357948,-0.0016420361247947435,-0.013136288998357948,-0.7439012123851301,-0.7232225310272233
2024-10-21,0.61,0.617,0.643,0.608,1359312,84750809.139,5.75,1.31,0.008,11.74,0.43488372093023253,0.043184505992409646,772471.8,1.9074999999999995,4.425,6.672999999999999,0.5824,0.5848,-0.008103727714748765,-0.014586709886547866,-0.00648298217179899,-0.8014198483899874,-0.6677234740964388
2024-10-22,0.613,0.612,0.621,0.604,2252031,137875268.48,2.76,-0.81,-0.005,19.45,0.43661971830985924,0.04314386222307935,876671.2,1.9134999999999998,4.47,7.573,0.5912000000000001,0.5859,-0.004901960784313708,-0.0016339869281045694,0.04738562091503273,-0.7937543641511813,-0.4519160825981905
2024-10-23,0.611,0.609,0.62,0.605,885161,54291249.0,2.45,-0.49,-0.003,7.65,0.44312796208530814,0.04299911888650351,900467.25,1.936,4.4985,7.778500000000001,0.6018000000000001,0.5855,-0.011494252873563204,0.011494252873563315,0.05090311986863716,-0.7698159810730408,-0.449413936491334
2024-10-24,0.602,0.602,0.607,0.597,276690,16654936.153,1.64,-1.15,-0.007,2.39,0.4098360655737705,0.043527322368934564,900604.7,1.8195000000000001,4.45,7.7795000000000005,0.6098,0.587,0.009966777408637828,0.038205980066445155,0.09634551495016619,-0.8625018955579354,-0.3958983545901076
2024-10-25,0.604,0.608,0.618,0.599,369876,22449360.534,3.16,1.0,0.006,3.2,0.4172494172494172,0.04345699362828962,905257.55,1.8459999999999996,4.526,7.8199999999999985,0.6096,0.5921000000000001,0.0,-0.011513157894736836,0.08881578947368429,0.8869666521002701,-0.2909992956316123
2024-10-28,0.607,0.608,0.609,0.6,340975,20673763.672,1.48,0.0,0.0,2.95,0.42056074766355134,0.043401393680147206,915810.2,1.8575,4.507,7.911499999999999,0.6077999999999999,0.5951,0.004934210526315708,0.008223684210526327,0.14473684210526305,1.783343692396627,-0.13987035139394888
2024-10-29,0.608,0.611,0.626,0.607,657753,40456070.063,3.13,0.49,0.003,5.68,0.37303370786516843,0.04320598797990236,914393.8,1.6835,4.43,7.899000000000001,0.6075999999999999,0.5993999999999999,0.008183306055646433,0.04909983633387882,0.11456628477905073,2.658433199775266,-0.028538437523401017
2024-10-30,0.61,0.616,0.617,0.605,552131,33788857.681,1.96,0.82,0.005,4.77,0.37807606263982096,0.04315837914298412,922511.0,1.702,4.370500000000001,7.968999999999999,0.609,0.6054,0.014610389610389518,0.038961038961039085,0.11201298701298712,2.6074592693597056,0.03835592249724318
2024-10-31,0.616,0.625,0.631,0.606,658791,41025402.6,4.06,1.46,0.009,5.69,0.3469827586206895,0.04287507236003436,929225.35,1.585,4.35,8.027,0.6135999999999999,0.6117,-0.03839999999999999,0.05600000000000005,0.057600000000000096,4.980971915287187,0.16563554128621405
2024-11-01,0.621,0.601,0.625,0.6,787999,47997728.5,4.0,-3.84,-0.024,6.81,0.21169354838709675,0.042594998807526076,939565.0,1.0479999999999998,4.215999999999999,8.116499999999998,0.6122,0.6109,0.019966722129783676,0.10149750415973391,0.06156405990016656,-0.06423411536920864,0.9554517584572639
2024-11-04,0.598,0.613,0.613,0.597,340666,20691440.836,2.66,2.0,0.012,2.94,0.1227106227106225,0.03704677474628722,906276.75,0.6439999999999998,4.0365,7.828999999999999,0.6132,0.6104999999999999,0.04567699836867867,0.13539967373572592,0.0032626427406199365,0.041769667691686774,0.9956767731023108
2024-11-05,0.613,0.641,0.643,0.611,480106,30439947.6,5.22,4.57,0.028,4.15,0.06655574043261248,0.03126586990296836,902593.05,0.36899999999999983,4.2975,7.797499999999999,0.6192,0.6134,-0.0015600624024960652,0.06240249609984394,-0.012480499219968855,-0.059365818934866366,0.42606980285591844
2024-11-06,0.648,0.64,0.652,0.635,614455,39584001.38,2.65,-0.16,-0.001,5.31,0.04404567699836881,0.0310456511575323,842965.65,0.2609999999999998,3.9139999999999993,7.282500000000001,0.624,0.6165,0.03125,0.0703125,-0.006249999999999978,-0.09647963406009741,0.4375126716429667
2024-11-07,0.633,0.66,0.66,0.627,882048,56799503.7,5.16,3.13,0.02,7.62,0.1243611584327089,0.029766315223123486,831487.9,0.6294999999999998,3.8620000000000005,7.1834999999999996,0.631,0.6223000000000001,0.003030303030302939,0.0015151515151514694,-0.03181818181818186,0.0093366251296092,0.3161931911994964
2024-11-08,0.672,0.662,0.681,0.661,1035028,69419250.9,3.03,0.3,0.002,8.94,0.18850987432675037,0.026560734366351216,793347.85,0.8999999999999998,3.7410000000000005,6.853999999999999,0.6432,0.6277,0.051359516616314105,-0.03625377643504535,-0.0725075528700907,0.8635727887643669,0.40162633767638667
2024-11-11,0.664,0.696,0.697,0.661,1241025,85023783.253,5.44,5.14,0.034,10.72,0.20415224913494812,0.02749659455275353,825758.75,0.9684999999999999,3.717,7.134,0.6597999999999999,0.6365000000000001,-0.02155172413793094,-0.11637931034482751,-0.1293103448275862,-0.2607550761592984,-0.08232140887311357
2024-11-12,0.698,0.681,0.698,0.673,825762,56489734.57,3.59,-2.16,-0.015,7.13,0.19894366197183122,0.0277315635103323,821835.4,0.9469999999999998,3.6629999999999994,7.1,0.6678000000000001,0.6435000000000001,0.005873715124816492,-0.07048458149779746,-0.11600587371512494,0.04720129516140448,-0.16059803514595394
2024-11-13,0.678,0.685,0.686,0.669,3694683,250466688.0,2.5,0.59,0.004,31.92,0.23201438848920852,0.026805419950371626,964096.65,1.0819999999999999,3.656,8.329,0.6768000000000001,0.6504,-0.03503649635036499,-0.07153284671532856,-0.09343065693430663,0.06772539682482259,-0.04279547695622499
2024-11-14,0.68,0.661,0.682,0.658,1599589,107150580.241,3.5,-3.5,-0.024,13.82,0.17615658362989328,0.028699787048324578,998595.55,0.8529999999999998,3.7230000000000003,8.626999999999999,0.677,0.654,-0.03479576399394857,-0.033282904689863835,-0.06807866868381252,-0.143640010375786,-0.19733672022114457
2024-11-15,0.655,0.638,0.664,0.637,754927,49316958.707,4.08,-3.48,-0.023,6.52,0.04761904761904767,0.024263267996850843,980450.4,0.26099999999999984,3.411,8.469999999999999,0.6722,0.6577,-0.036050156739811934,-0.037617554858934255,-0.012539184952978122,-0.19450335850504563,-0.2010344828049173
2024-11-18,0.637,0.615,0.641,0.611,626479,38980503.8,4.7,-3.61,-0.023,5.41,-0.0032414910858995505,0.025596034515212276,943808.75,0.014999999999999836,3.3585000000000003,8.153500000000001,0.656,0.6579,0.029268292682926855,-0.014634146341463428,0.0373983739837398,0.4149559892671688,-0.34753126716807237
2024-11-19,0.616,0.633,0.633,0.609,838639,52273895.4,3.9,2.93,0.018,7.24,0.03431372549019618,0.026315952696481175,873139.15,0.20199999999999987,3.4155,7.542999999999999,0.6464000000000001,0.6571,0.004739336492890933,-0.048973143759873605,-0.003159557661927326,-0.4008039057629378,-0.3529649097441869
2024-11-20,0.63,0.636,0.641,0.627,370444,23479752.9,2.21,0.47,0.003,3.2,0.044334975369458185,0.026270815453750495,847403.3,0.24999999999999986,3.4034999999999997,7.3205,0.6365999999999999,0.6567000000000001,0.004716981132075526,-0.02358490566037741,-0.018867924528301883,-0.13825750973990747,-0.347658287983832
2024-11-21,0.636,0.639,0.644,0.631,1099172,70462084.1,2.04,0.47,0.003,9.49,0.06146179401993357,0.026065647553912958,888527.4,0.33099999999999985,3.4234999999999998,7.6754999999999995,0.6322,0.6546,-0.03912363067292646,-0.03599374021909241,-0.017214397496087663,-0.10692684276108944,-0.3029535788534957
2024-11-22,0.638,0.614,0.646,0.614,1159671,73995015.748,5.01,-3.91,-0.025,10.02,0.009868421052631637,0.027667824670196607,928017.15,0.08549999999999983,3.5159999999999996,8.0165,0.6274,0.6497999999999999,-0.013029315960912058,0.026058631921824116,0.039087947882736174,-0.3101869359421664,-0.48528904472160805
2024-11-25,0.613,0.606,0.619,0.594,1054233,63333187.286,4.07,-1.3,-0.008,9.11,-0.003289473684210509,0.027841852690635997,963680.05,0.02049999999999983,3.6455000000000006,8.3245,0.6256,0.6408,-0.0066006600660065695,0.05280528052805278,0.041254125412541365,-0.3063436561522316,-0.32768799703749696
2024-11-26,0.606,0.602,0.613,0.601,534660,32483368.2,1.98,-0.66,-0.004,4.62,-0.014729950900163713,0.02785815789319802,957525.4,-0.03700000000000017,3.5879999999999996,8.2715,0.6194000000000001,0.6329,0.03156146179401986,0.048172757475083205,0.05980066445182719,0.03632206520630965,-0.33993832443082084
2024-11-27,0.601,0.621,0.622,0.592,445491,26880006.8,4.98,3.16,0.019,3.85,0.008116883116883189,0.02871343300837784,952193.4,0.07999999999999984,3.739,8.2255,0.6164,0.6265000000000001,-0.008051529790660261,0.004830917874396157,0.030595813204508993,-0.3930473659943754,-0.5291746297396069
2024-11-28,0.622,0.616,0.628,0.614,275781,17097755.7,2.25,-0.81,-0.005,2.38,-0.014399999999999968,0.02858642926352232,933042.9,-0.03350000000000016,3.6485,8.06,0.6117999999999999,0.622,0.022727272727272707,0.01948051948051943,0.043831168831168776,-0.41192060121926377,-0.5249177074843723
2024-11-29,0.612,0.63,0.638,0.611,601569,37670940.3,4.38,2.27,0.014,5.2,0.048252911813643884,0.027551802155352075,923721.4,0.2719999999999998,3.6674999999999995,7.9795,0.615,0.6212,0.012698412698412653,0.012698412698412653,0.0015873015873015817,-0.3646611350481357,-0.5102283250312227
2024-12-02,0.63,0.638,0.641,0.629,980060,62372484.9,1.9,1.27,0.008,8.47,0.040783034257748874,0.02735958528143584,955691.1,0.23549999999999982,3.6295,8.256,0.6214000000000001,0.6234999999999999,-0.010971786833855801,-0.010971786833855801,-0.028213166144200663,-0.28248216757861233,-0.42739812755563067
2024-12-03,0.64,0.631,0.64,0.624,869088,54919325.2,2.51,-1.1,-0.007,7.51,-0.015600624024960985,0.0255082663635541,975140.2,-0.048000000000000195,3.4940000000000007,8.424000000000001,0.6272,0.6233,-0.011093502377179099,0.011093502377178988,-0.022187004754358197,-0.3261012440520269,-0.3981501500804412
2024-12-04,0.633,0.624,0.638,0.622,1101139,69484680.5,2.54,-1.11,-0.007,9.51,-0.025000000000000022,0.02561840273673292,999474.4,-0.09550000000000021,3.4884999999999997,8.634,0.6277999999999999,0.6221,0.0064102564102563875,0.025641025641025772,0.004807692307692291,-0.3478647718286171,-0.363831673782399
2024-12-05,0.623,0.628,0.632,0.622,708208,44534359.3,1.6,0.64,0.004,6.12,-0.048484848484848575,0.02455502353154219,990782.4,-0.2200000000000002,3.3105,8.559000000000001,0.6302000000000001,0.621,0.015923566878981,0.023885350318471277,0.02070063694267521,-0.31498963145851533,-0.2839026320081599
2024-12-06,0.631,0.638,0.644,0.627,335751,21375975.9,2.71,1.59,0.01,2.9,-0.03625377643504535,0.024866724557442706,955818.55,-0.1555000000000002,3.2945,8.257,0.6317999999999999,0.6234,-0.010971786833855801,-0.010971786833855801,0.021943573667711602,-0.05020019541890608,-0.08469221181044084
2024-12-09,0.639,0.631,0.641,0.627,626428,39822091.5,2.19,-1.1,-0.007,5.41,-0.0933908045977011,0.02157442300608167,925088.7,-0.46750000000000014,3.132,7.9915,0.6304000000000001,0.6258999999999999,0.011093502377178988,-0.017432646592710044,0.011093502377178988,0.08487131000589399,0.014211696003876506
2024-12-10,0.654,0.638,0.659,0.636,633138,40962513.1,3.65,1.11,0.007,5.47,-0.06314243759177685,0.021464448579653916,915457.5,-0.30400000000000016,3.1350000000000002,7.908500000000001,0.6318,0.6295,0.0031347962382444194,-0.0329153605015674,0.014106583072100332,-0.12348222150069355,0.05207534521035284
2024-12-11,0.637,0.64,0.644,0.633,442454,28273204.3,1.72,0.31,0.002,3.82,-0.06569343065693434,0.021413290707874816,752846.05,-0.31800000000000017,3.096,6.5035,0.635,0.6314,0.004687499999999956,-0.020312500000000067,0.010937500000000044,0.45272882089299116,0.29133460319871207
2024-12-12,0.639,0.643,0.643,0.634,521373,33363189.4,1.41,0.47,0.003,4.5,-0.027231467473525006,0.020104490048617897,698935.25,-0.11950000000000016,2.9915,6.0375,0.638,0.6341,-0.018662519440124425,-0.0031104199066873672,0.02488335925349916,0.8602593173738025,0.4322283466867358
2024-12-13,0.64,0.631,0.641,0.63,1191257,75576752.3,1.71,-1.87,-0.012,10.29,-0.010971786833855801,0.01897703486812586,720751.75,-0.039000000000000166,2.873,6.226,0.6365999999999999,0.6342000000000001,-0.017432646592710044,0.033280507131537185,0.030110935023771823,0.38955472319335027,0.3688568408048336
2024-12-16,0.631,0.62,0.632,0.618,559675,34934452.6,2.22,-1.74,-0.011,4.83,0.008130081300812941,0.01753720736486263,717411.55,0.054499999999999826,2.7489999999999997,6.197,0.6344,0.6324000000000001,-0.004838709677419395,0.029032258064516148,0.050000000000000044,0.35209354529367953,0.2073235324305438
2024-12-17,0.617,0.617,0.626,0.615,315992,19574293.0,1.77,-0.48,-0.003,2.73,-0.025276461295418717,0.016205480777913388,691279.2,-0.11600000000000019,2.6425,5.9715,0.6302,0.631,0.01620745542949753,0.04862236628849281,0.014586709886547755,0.5993734278821587,0.672673827517198
2024-12-18,0.617,0.627,0.63,0.614,190908,11927206.7,2.59,1.62,0.01,1.65,-0.014150943396226467,0.016622512970745653,682302.4,-0.05850000000000016,2.6614999999999998,5.894,0.6276,0.6313,0.022328548644338087,0.03189792663476876,-0.03987240829346095,0.19030703208275934,0.7829842514853851
2024-12-19,0.621,0.641,0.644,0.618,399652,25289455.6,4.15,2.23,0.014,3.45,0.003129890453834161,0.017367713919003398,647326.4,0.029499999999999825,2.7670000000000003,5.592,0.6272,0.6326,0.01716068642745716,0.02808112324492984,-0.08580343213728558,-0.10973535860479589,0.5105303348999894
2024-12-20,0.641,0.652,0.661,0.638,1087781,71050939.6,3.59,1.72,0.011,9.4,0.061889250814332275,0.015048683770017241,643731.9,0.31099999999999983,2.696,5.561,0.6314,0.6340000000000001,-0.021472392638036797,-0.0030674846625766694,-0.1073619631901841,0.012746760213174335,0.3676120287414102
2024-12-23,0.654,0.638,0.657,0.637,1109434,71572809.5,3.07,-2.15,-0.014,9.58,0.05280528052805278,0.015632482044531985,646491.95,0.26849999999999985,2.646,5.5845,0.635,0.6347,0.014106583072100332,0.020376175548589393,-0.054858934169279006,-0.31187584216487163,0.5279047046416552
2024-12-24,0.64,0.647,0.648,0.631,219051,14049395.2,2.66,1.41,0.009,1.89,0.07475083056478415,0.0156703195450624,630711.5,0.37199999999999983,2.68,5.4479999999999995,0.641,0.6356,0.0,-0.03245749613601234,-0.07109737248840808,0.20171704511778876,0.44912986004946864
2024-12-25,0.649,0.647,0.651,0.64,573486,37103534.015,1.7,0.0,0.0,4.95,0.041867954911433136,0.014244043377268934,637111.25,0.21399999999999983,2.516,5.503,0.645,0.6363,0.018547140649149974,-0.06955177743431229,-0.06955177743431229,0.4128656331303795,0.4532614704495985
2024-12-26,0.644,0.659,0.659,0.641,253053,16549378.4,2.78,1.85,0.012,2.19,0.06980519480519476,0.014481252033751559,635974.85,0.3469999999999998,2.5425,5.4935,0.6486,0.6379,-0.01365705614567525,-0.11077389984825503,-0.09863429438543259,0.016046004836972605,0.2777743566479718
2024-12-27,0.659,0.65,0.666,0.649,332327,21891778.88,2.58,-1.37,-0.009,2.87,0.031746031746031855,0.014218950745653753,622512.75,0.1649999999999998,2.4524999999999997,5.377000000000001,0.6482000000000001,0.6397999999999999,0.0015384615384614886,-0.10461538461538467,-0.09076923076923082,0.061793512219824986,0.3267817097653005
2024-12-30,0.648,0.651,0.659,0.645,531418,34665535.9,2.15,0.15,0.001,4.59,0.020376175548589393,0.013979931968321984,600080.65,0.10899999999999983,2.465,5.183,0.6508,0.6429,-0.03840245775729645,-0.07373271889400923,-0.05069124423963134,1.4549256842451799,0.8693110372820045
2024-12-31,0.653,0.626,0.654,0.626,411265,26176724.986,4.3,-3.84,-0.025,3.55,-0.007923930269413626,0.016368342371872027,577189.5,-0.028000000000000157,2.5545,4.985,0.6466000000000001,0.6437999999999999,-0.03833865814696491,-0.039936102236421744,-0.02396166134185307,0.33879707235368284,0.26449318130584265
2025-01-02,0.624,0.602,0.625,0.594,1139613,69958004.503,4.95,-3.83,-0.024,9.84,-0.03525641025641024,0.018332470251062927,579113.2,-0.16400000000000015,2.675,5.0015,0.6376,0.6413,-0.02657807308970106,0.0,0.008305647840531671,-0.08832542454120262,-0.028265387842511758
2025-01-03,0.602,0.586,0.603,0.584,869118,51614280.6,3.16,-2.66,-0.016,7.51,-0.06687898089171984,0.019041139001017962,587158.7,-0.3290000000000002,2.753,5.071,0.623,0.6357999999999999,-0.0068259385665528916,0.013651877133105783,0.05119453924914685,0.1292270283168948,-0.07183974952609218
2025-01-06,0.586,0.582,0.593,0.577,330375,19319182.2,2.73,-0.68,-0.004,2.85,-0.08777429467084652,0.01850546851057229,586889.9,-0.44250000000000017,2.754,5.0685,0.6093999999999999,0.6288,0.03608247422680422,0.015463917525773141,0.06529209621993126,0.045632899671484095,-0.006016183012786502
2025-01-07,0.583,0.603,0.604,0.583,362587,21535675.4,3.61,3.61,0.021,3.13,-0.044374009508716394,0.020510971756232923,573697.85,-0.2070000000000002,2.825,4.9545,0.5997999999999999,0.6253,-0.0033167495854062867,0.02487562189054726,0.04809286898839149,-0.25413678532081574,-0.27327326357342774
2025-01-08,0.599,0.601,0.606,0.582,756386,44977895.748,3.98,-0.33,-0.002,6.53,-0.057993730407523536,0.02027612870586308,579860.25,-0.27900000000000014,2.8415,5.0075,0.5948,0.6207,0.0016638935108153063,0.016638935108153063,0.056572379367720416,-0.14587835390819737,-0.2543201587962223
2025-01-09,0.599,0.602,0.609,0.598,542913,32824300.4,1.83,0.17,0.001,4.69,-0.05937500000000007,0.020256178209401888,584883.2,-0.28600000000000014,2.847,5.051,0.5948,0.6162,-0.013289036544850474,0.008305647840531671,0.036544850498339,0.08664353463234886,-0.19555122464749597
2025-01-10,0.601,0.594,0.611,0.593,314558,19007177.8,2.99,-1.33,-0.008,2.72,-0.07620528771384139,0.020302424268233397,574542.45,-0.37600000000000017,2.926,4.962,0.5963999999999999,0.6096999999999999,-0.005050505050505083,0.03703703703703698,0.07239057239057245,0.21768929968794803,-0.1478809610063132
2025-01-13,0.583,0.591,0.595,0.58,627540,37006777.7,2.53,-0.51,-0.003,5.42,-0.06339144215530912,0.02000245717872937,546356.6,-0.30800000000000016,2.967,4.718500000000001,0.5982,0.6038,0.045685279187817285,0.04906937394247035,0.04906937394247035,0.17889924699570225,-0.028918422649913733
2025-01-14,0.593,0.618,0.619,0.587,1616550,97557709.2,5.41,4.57,0.027,13.96,-0.003225806451612856,0.02244820883645913,599200.35,0.00749999999999984,3.1265,5.175,0.6012000000000001,0.6005,-0.01132686084142398,0.02265372168284796,0.03398058252427183,-0.4306343603686249,-0.33849360834313624
2025-01-15,0.617,0.611,0.618,0.609,518504,31826767.6,1.46,-1.13,-0.007,4.48,-0.00972447325769854,0.02256954825016896,609325.95,-0.025000000000000168,3.1109999999999998,5.2625,0.6032,0.599,-0.006546644844517169,0.039279869067103235,0.08183306055646478,-0.5882440739249213,-0.21737048379943202
2025-01-16,0.613,0.607,0.624,0.602,419728,25689912.1,3.6,-0.65,-0.004,3.63,-0.03189792663476876,0.022267938932894124,620766.95,-0.13850000000000018,3.1615,5.3614999999999995,0.6042,0.5994999999999999,0.014827018121911006,0.028006589785831926,0.10214168039538718,-0.42722054873101345,-0.13405208154856307
2025-01-17,0.603,0.616,0.622,0.602,403639,24741962.4,3.29,1.48,0.009,3.49,-0.03900156006240252,0.021907762380870402,620966.3,-0.17600000000000018,3.1185,5.3635,0.6086,0.6025,0.006493506493506551,0.03409090909090917,0.10551948051948057,-0.3491785673502348,-0.04696800487264097
2025-01-20,0.619,0.62,0.626,0.617,309962,19271802.1,1.46,0.65,0.004,2.68,-0.049079754601227044,0.02154981645766442,582075.35,-0.22950000000000012,3.012,5.0275,0.6144,0.6063,0.019354838709677358,0.0,0.08709677419354844,-0.048850117986689146,0.026447785886546615
2025-01-21,0.623,0.632,0.633,0.619,908349,56909064.7,2.26,1.94,0.012,7.85,-0.009404388714733591,0.0215710990163382,572021.1,-0.02500000000000018,2.9715,4.941000000000001,0.6172,0.6092,0.004746835443038,0.011075949367088667,0.09810126582278467,0.8382275639014434,0.1976422265116895
2025-01-22,0.629,0.635,0.636,0.625,486307,30658863.7,1.74,0.47,0.003,4.2,-0.018547140649149974,0.021343530882169236,585383.9,-0.07200000000000017,2.9255,5.056500000000001,0.6220000000000001,0.6125999999999999,-0.017322834645669305,0.04094488188976375,0.06141732283464574,1.838039611575896,0.39644496953427977
2025-01-23,0.638,0.624,0.646,0.624,464756,29484061.3,3.46,-1.73,-0.011,4.01,-0.03554868624420404,0.021661905105995805,579947.4,-0.15850000000000017,3.0135,5.0095,0.6254,0.6148,0.02083333333333326,0.07211538461538458,0.09294871794871806,0.7305656393055797,0.21697673694551
2025-01-24,0.623,0.637,0.637,0.622,381336,24078541.3,2.4,2.08,0.013,3.29,-0.033383915022761834,0.02177945106522663,586361.55,-0.14700000000000016,2.9945,5.064500000000001,0.6296,0.6191,-0.02668759811616961,0.06907378335949765,0.08163265306122436,0.5866892186340138,0.22021068694591106
2025-01-27,0.639,0.62,0.639,0.62,556606,34864232.7,2.98,-2.67,-0.017,4.81,-0.04615384615384621,0.02235058039425809,597575.5,-0.2120000000000002,3.0145,5.1615,0.6296,0.622,0.030645161290322687,0.08709677419354844,0.08387096774193559,-0.1735707292182732,0.05440955278119519
2025-02-05,0.638,0.639,0.641,0.631,670777,42715095.5,1.61,3.06,0.019,5.79,-0.018433179723502335,0.023518644010385396,604543.45,-0.06650000000000018,2.9875,5.221500000000001,0.631,0.6241000000000001,0.03442879499217533,0.0860719874804381,0.0860719874804381,-0.27991426472696723,0.22878736104484254
2025-02-06,0.635,0.661,0.661,0.633,576098,37405045.3,4.38,3.44,0.022,4.98,0.05591054313099053,0.023001179597088584,612785.1,0.2974999999999998,2.9915,5.293,0.6362,0.6291,0.01210287443267788,0.01966717095310133,0.05143721633888032,-0.17340755716155232,0.04330112340041903
2025-02-07,0.661,0.669,0.68,0.658,1099352,73740003.2,3.33,1.21,0.008,9.5,0.11129568106312293,0.02090255978731963,610772.05,0.5494999999999999,2.9105,5.276000000000001,0.6452,0.6353000000000001,0.017937219730941756,0.01943198804185342,0.08071748878923768,-0.043360558148828665,0.22008468405682668
2025-02-10,0.671,0.681,0.681,0.669,510868,34546656.6,1.79,1.79,0.012,4.41,0.16211604095563148,0.019639355436672046,592859.55,0.7719999999999999,2.8419999999999996,5.121,0.6540000000000001,0.6418,-0.01027900146842875,0.011747430249632762,0.06020558002936838,-0.07407058013601164,0.2075209470129633
2025-02-11,0.681,0.674,0.682,0.668,308740,20812205.7,2.06,-1.03,-0.007,2.67,0.15807560137457055,0.019788589225504125,591777.8,0.7545,2.8085,5.112,0.6648000000000001,0.6472,0.029673590504450953,-0.0029673590504450953,0.062314540059347,0.42750832687524176,0.13875665439005136
2025-02-12,0.671,0.694,0.694,0.671,535930,36583514.6,3.41,2.97,0.02,4.63,0.1509121061359866,0.01934923220552692,600444.95,0.7224999999999998,2.7985,5.186999999999999,0.6758000000000001,0.6534,-0.02881844380403442,0.0,0.04034582132564846,0.4952283746155137,0.026837161690326905
2025-02-13,0.693,0.674,0.693,0.674,509410,34640744.2,2.74,-2.88,-0.02,4.4,0.12146422628951759,0.020861868946920086,588096.15,0.5949999999999999,2.7365,5.0805,0.6784,0.6573,0.011869436201780381,0.03115727002967339,0.059347181008901906,-0.1135506263943199,-0.20413042830207395
2025-02-14,0.67,0.682,0.683,0.668,658818,44574083.7,2.23,1.19,0.008,5.69,0.1328903654485052,0.020876229766248065,593891.4,0.6459999999999998,2.7565,5.1305,0.6809999999999999,0.6631,0.010263929618768097,0.06011730205278587,-0.007331378299120228,0.10666302046406839,0.1443706591622551
2025-02-17,0.686,0.689,0.694,0.682,755305,51910496.008,1.76,1.03,0.007,6.52,0.15993265993265982,0.020361275771940995,615928.75,0.7639999999999999,2.695,5.3205,0.6826000000000001,0.6683,-0.02467343976777925,0.04789550072568938,-0.020319303338171113,0.18240284779368632,0.15048774832822898
2025-02-18,0.688,0.672,0.694,0.671,745171,50976180.1,3.34,-2.47,-0.017,6.44,0.13705583756345185,0.021448794215958765,621810.3,0.6659999999999999,2.7354999999999996,5.3715,0.6822,0.6735,0.03273809523809512,0.06547619047619047,0.022321428571428603,-0.13291361658938428,0.13665361480176696
2025-02-19,0.676,0.694,0.695,0.674,562011,38525067.1,3.13,3.27,0.022,4.85,0.12297734627831702,0.02037760239241343,569083.35,0.6009999999999998,2.6215,4.916,0.6822,0.679,0.0014409221902016434,0.04034582132564846,0.0,-0.2773565149719118,0.03494247576411613
2025-02-20,0.692,0.695,0.699,0.688,737246,51249912.0,1.59,0.14,0.001,6.37,0.13747954173486088,0.020002328094916758,580020.45,0.6644999999999999,2.628,5.0105,0.6864,0.6824,0.04028776978417281,0.027338129496402797,0.025899280575539585,0.0008079532467659689,0.1994649327511282
2025-02-21,0.699,0.723,0.727,0.698,1180819,84496378.3,4.17,4.03,0.028,10.2,0.19110378912685344,0.02108793022594571,618075.0,0.8985,2.6565,5.339,0.6946,0.6878,-0.0013831258644536604,-0.06362378976486849,-0.026279391424619658,-0.11122638418645503,-0.08449729258643135
2025-02-24,0.723,0.722,0.729,0.715,812538,58727014.8,1.94,-0.14,-0.001,7.02,0.17207792207792205,0.0211632853143482,638519.95,0.8174999999999999,2.589,5.5155,0.7011999999999999,0.6919,-0.008310249307479256,-0.06509695290858719,-0.02908587257617734,-0.1418578432169394,-0.0801164985606424
2025-02-25,0.705,0.716,0.729,0.705,604368,43209595.905,3.32,-0.83,-0.006,5.22,0.1548387096774193,0.02148195269701181,653240.25,0.7434999999999998,2.682,5.6425,0.71,0.6961,0.008379888268156499,-0.0405027932960893,-0.027932960893854775,0.22363405775472334,-0.0757471676595951
2025-02-26,0.717,0.722,0.725,0.707,629802,45239823.372,2.51,0.84,0.006,5.44,0.1424050632911391,0.02130105244782055,639312.9,0.6884999999999999,2.6945,5.522,0.7156,0.6989,-0.011080332409972304,-0.03878116343490312,-0.03601108033240996,0.43136297632049514,-0.029588415886814046
2025-02-27,0.722,0.714,0.725,0.7,492214,35055217.925,3.46,-1.11,-0.008,4.25,0.1244094488188976,0.021675710868311066,639608.25,0.6094999999999999,2.7805,5.5245,0.7194,0.7029,-0.051820728291316454,-0.0014005602240896309,-0.04761904761904756,0.493762027102737,0.12804272984275689
2025-02-28,0.708,0.677,0.708,0.676,2679391,186411536.591,4.48,-5.18,-0.037,23.14,0.08493589743589758,0.024787228669801084,750340.0,0.43699999999999994,2.8314999999999997,6.481,0.7102,0.7023999999999999,-0.002954209748892156,0.039881831610044216,0.025110782865583214,-0.3067274715735676,-0.39970656023877293
2025-03-03,0.682,0.675,0.688,0.669,1088796,74246156.536,2.81,-0.3,-0.002,9.41,0.05965463108320246,0.024525378935295994,785713.0,0.3179999999999999,2.852,6.787000000000001,0.7008,0.701,0.017777777777777892,0.038518518518518396,0.02962962962962945,-0.2909549013148839,-0.39788411287260683
2025-03-04,0.668,0.687,0.689,0.666,742678,50365534.9,3.41,1.78,0.012,6.42,0.10806451612903234,0.02367525838860214,795016.6,0.5404999999999999,2.8735,6.8675,0.6950000000000001,0.7024999999999999,0.010189228529839722,0.013100436681222627,0.017467248908296762,-0.3984660879244696,-0.4130263204747603
2025-03-05,0.686,0.694,0.696,0.683,398020,27425530.2,1.89,1.02,0.007,3.44,0.0860719874804381,0.02295877057185489,781378.75,0.4384999999999998,2.8875,6.75,0.6894,0.7024999999999999,0.027377521613832778,0.0028818443804035088,-0.007204610951008661,-0.4248799051284319,-0.3419351152053196
2025-03-06,0.699,0.713,0.717,0.699,541627,38519136.845,2.59,2.74,0.019,4.68,0.07866868381240533,0.02252318985493695,779655.2,0.40349999999999986,2.798,6.735000000000001,0.6891999999999999,0.7043,-0.012622720897615736,-0.04628330995792418,-0.04628330995792418,-0.7144868023076787,-0.5076859527336107
2025-03-07,0.71,0.704,0.713,0.699,372257,26330496.7,1.96,-1.26,-0.009,3.22,0.05231689088191316,0.022734688488027573,743300.45,0.2799999999999999,2.7295000000000003,6.420999999999999,0.6946,0.7023999999999999,-0.0042613636363636465,-0.014204545454545414,-0.05965909090909083,-0.018703766699209923,-0.3533986587591852
2025-03-10,0.704,0.701,0.706,0.691,319487,22326081.616,2.13,-0.43,-0.003,2.76,0.029368575624082016,0.02249740157774833,733731.4,0.16899999999999987,2.7465,6.3385,0.6998,0.7003,-0.007132667617689048,-0.00855920114122688,-0.051355206847360835,-0.028397963153201422,-0.33529692869477346
2025-03-11,0.689,0.696,0.699,0.687,404282,27996104.62,1.71,-0.71,-0.005,3.49,0.03264094955489605,0.022420171475279388,738508.5,0.1849999999999999,2.729,6.3795,0.7015999999999999,0.6982999999999999,0.0,0.004310344827586299,-0.06034482758620674,-0.0301427251822608,-0.3138842094627907
2025-03-12,0.699,0.696,0.707,0.695,263389,18444143.5,1.72,0.0,0.0,2.28,0.0028818443804035088,0.02144231731921132,724881.45,0.03649999999999989,2.6445,6.2620000000000005,0.702,0.6957,-0.022988505747126298,-0.010057471264367845,-0.06178160919540221,0.09701630148350726,-0.3067280109080244
2025-03-13,0.695,0.68,0.696,0.677,684237,46818897.984,2.73,-2.3,-0.016,5.91,0.008902077151335286,0.0210609628520245,733622.8,0.06549999999999989,2.644,6.3375,0.6953999999999999,0.6923,0.020588235294117574,0.0,-0.03529411764705881,0.6276321008147734,-0.37326450857890736
2025-03-14,0.68,0.694,0.695,0.679,414056,28493009.053,2.35,2.06,0.014,3.58,0.017595307917888325,0.021392928989900348,721384.7,0.1089999999999999,2.65,6.232,0.6933999999999999,0.6940000000000001,0.0014409221902016434,-0.04610951008645525,-0.06340057636887597,-0.17081983009385882,-0.309219927555198
2025-03-17,0.697,0.695,0.698,0.691,263161,18266121.8,1.01,0.14,0.001,2.27,0.00870827285921627,0.021284507378042886,696777.5,0.06449999999999989,2.6125,6.0195,0.6921999999999999,0.696,0.0057553956834532904,-0.04316546762589912,-0.0676258992805755,-0.13041011065196673,-0.3215489777516264
2025-03-18,0.696,0.699,0.704,0.695,520859,36414045.9,1.29,0.58,0.004,4.5,0.0401785714285714,0.020450310563716566,685561.9,0.21699999999999992,2.51,5.922499999999999,0.6928,0.6971999999999999,-0.014306151645207432,-0.06437768240343333,-0.07582260371959937,-0.28470279512444885,-0.3401250821330041
2025-03-19,0.698,0.689,0.698,0.686,343700,23695159.62,1.72,-1.43,-0.01,2.97,-0.007204610951008661,0.019429479386298545,674646.35,-0.018000000000000092,2.4395,5.8285,0.6914,0.6967,-0.013062409288824184,-0.0522496371552974,-0.06095791001451367,-0.282475197570499,-0.3530909731763485
2025-03-20,0.687,0.68,0.689,0.68,210129,14378429.9,1.31,-1.31,-0.009,1.82,-0.021582733812949506,0.01963531724891828,648290.5,-0.0905000000000001,2.4255,5.601,0.6914,0.6934,-0.026470588235294135,-0.03529411764705881,-0.07058823529411773,-0.04092351609554978,-0.09028513814912598
2025-03-21,0.679,0.662,0.679,0.66,859340,57310782.566,2.79,-2.65,-0.018,7.42,-0.0843706777316735,0.017857796983437233,632216.55,-0.4245000000000001,2.3565,5.462000000000001,0.685,0.6892,0.004531722054380571,-0.01812688821752262,-0.1404833836858007,-0.29524005191023184,1.2286245999923144
2025-03-24,0.661,0.665,0.668,0.654,827854,54830204.0,2.11,0.45,0.003,7.15,-0.07894736842105254,0.01795637870774321,632982.35,-0.39500000000000013,2.3649999999999998,5.4685,0.679,0.6856,-0.016541353383458635,-0.025563909774436122,-0.1578947368421052,-0.41349456780057836,1.1170915051936792
2025-03-25,0.666,0.654,0.669,0.651,515238,33867138.9,2.71,-1.65,-0.011,4.45,-0.0865921787709496,0.018154841843027014,628525.85,-0.4360000000000001,2.3345,5.43,0.67,0.6814,-0.001529051987767538,-0.012232415902140636,-0.10856269113149852,-0.5628531067521517,1.3930075666912138
2025-03-26,0.652,0.653,0.659,0.651,308377,20183897.9,1.22,-0.15,-0.001,2.66,-0.09556786703601106,0.01792259260333262,612454.6,-0.48550000000000015,2.27,5.2909999999999995,0.6628000000000001,0.6771,0.004594180704440953,-0.009188361408882129,-0.08728943338437989,-0.5746939523780203,1.5018944866822443
2025-03-27,0.652,0.656,0.664,0.647,224114,14687887.2,2.6,0.46,0.003,1.94,-0.08123249299719881,0.017978685431025175,599049.6,-0.40700000000000003,2.227,5.1755,0.6580000000000001,0.6747,-0.009146341463414642,-0.03658536585365857,-0.0640243902439025,-0.3060794472250923,1.8015084841131634
2025-03-28,0.657,0.65,0.658,0.649,274637,17919980.2,1.37,-0.91,-0.006,2.37,-0.03988183161004433,0.014134988051194368,478811.9,-0.19350000000000012,2.0715,4.137,0.6556,0.6702999999999999,-0.003076923076923088,-0.12461538461538468,-0.056923076923076965,3.645048096968206,2.524335541978314
2025-03-31,0.647,0.648,0.65,0.638,295689,19022952.452,1.85,-0.31,-0.002,2.55,-0.040000000000000036,0.014135478996730937,439156.55,-0.19400000000000012,2.0235,3.7940000000000005,0.6522,0.6656000000000001,-0.0030864197530864335,-0.1358024691358024,-0.06327160493827166,4.134434087106321,2.6149502531358157
2025-04-01,0.648,0.646,0.652,0.645,551887,35781014.536,1.08,-0.31,-0.002,4.77,-0.05967976710334799,0.01335153840248637,429617.0,-0.2985000000000001,1.907,3.7115,0.6506000000000001,0.6603000000000001,0.001547987616099089,-0.09752321981424161,-0.0619195046439629,9.48620087687428,2.9175803983745516
2025-04-02,0.646,0.647,0.65,0.644,275212,17779162.1,0.93,0.15,0.001,2.38,-0.06772334293948112,0.01303885133520977,423476.6,-0.34200000000000014,1.859,3.6585,0.6494,0.6561000000000001,-0.023183925811437467,-0.07882534775888728,-0.063369397217929,9.376916198933976,2.8707838345201657
2025-04-03,0.638,0.632,0.646,0.63,360773,22968400.6,2.47,-2.32,-0.015,3.12,-0.11360448807854129,0.011572612070022534,414433.9,-0.5950000000000001,1.8530000000000002,3.5805,0.6446,0.6513,-0.09968354430379756,-0.02848101265822789,-0.04113924050632911,4.973656911332989,2.41491971610886
2025-04-07,0.59,0.569,0.601,0.569,821728,47797216.0,5.06,-9.97,-0.063,7.1,-0.19176136363636365,0.02395993356708054,436907.45,-1.0305000000000002,2.008,3.7744999999999997,0.6284,0.642,-0.0158172231985938,0.077328646748682,0.08260105448154675,-0.4502109454586849,-0.409506690097998
2025-04-08,0.564,0.56,0.575,0.551,426806,24024633.7,4.22,-1.58,-0.009,3.69,-0.20114122681883007,0.023945964564221944,442273.4,-1.0880000000000003,2.1125,3.821,0.6108,0.6315000000000001,0.041071428571428426,0.08392857142857135,0.09107142857142847,-0.4792927720863833,-0.42740640764060844
2025-04-09,0.552,0.583,0.588,0.544,305974,17497112.6,7.86,4.11,0.023,2.64,-0.16235632183908044,0.026619483508083915,437358.0,-0.8470000000000001,2.4200000000000004,3.7784999999999997,0.5982000000000001,0.6244,0.022298456260720467,0.03945111492281317,0.053173241852487285,-0.6631018072608511,-0.6254330469437732
2025-04-10,0.595,0.596,0.609,0.591,439495,26357417.1,3.09,2.23,0.013,3.8,-0.14367816091954022,0.027446937910949917,446163.3,-0.7355000000000002,2.4885,3.8544999999999994,0.5880000000000001,0.6186999999999999,0.030201342281879207,0.016778523489932917,0.015100671140939603,-0.7152680428043643,-0.6435388785671835
2025-04-11,0.59,0.614,0.621,0.59,428277,26002010.1,5.2,3.02,0.018,3.7,-0.09705882352941186,0.02841217035294155,433365.3,-0.4695000000000002,2.612,3.7439999999999998,0.5844,0.6144999999999999,-0.0016286644951140072,-0.013029315960912058,-0.009771986970684043,-0.9287012571545578,-0.7739382226932547
2025-04-14,0.623,0.613,0.624,0.612,213879,13194417.8,1.95,-0.16,-0.001,1.85,-0.11671469740634,0.027799389558607168,423356.45,-0.5805000000000001,2.5919999999999996,3.6575,0.5932000000000001,0.6108,-0.009787928221859699,0.004893964110929794,-0.011419249592169667,-0.5913693913795806,-0.7731819035832908
2025-04-15,0.61,0.607,0.613,0.602,214676,12989521.5,1.79,-0.98,-0.006,1.85,-0.12661870503597117,0.027758717015337414,420932.2,-0.6365000000000002,2.631,3.6365000000000003,0.6026,0.6067,-0.0016474464579900872,0.006589785831960571,0.0032948929159801743,-0.575887391802092,-0.7832783839989297
2025-04-16,0.607,0.606,0.609,0.596,163571,9870535.7,2.14,-0.16,-0.001,1.41,-0.1330472103004291,0.027637672076527613,403067.8,-0.6735000000000002,2.6734999999999998,3.482,0.6072,0.6027,0.0,0.013201320132013139,0.018151815181518094,-0.4779138137226683,-0.7611919429494208
2025-04-17,0.601,0.606,0.613,0.6,256192,15631041.4,2.15,0.0,0.0,2.21,-0.12046444121915811,0.02761656131881883,398692.4,-0.6020000000000001,2.695,3.4440000000000004,0.6092,0.5986,0.0,-0.0016501650165016146,0.044554455445544594,-0.22267036046995503,-0.6923524466406319
2025-04-18,0.606,0.606,0.608,0.601,130479,7879376.8,1.16,0.0,0.0,1.13,-0.10882352941176476,0.027595718664996553,394709.9,-0.5365000000000002,2.6875,3.4095,0.6075999999999999,0.596,0.01650165016501659,0.0033003300330032292,0.03960396039603964,1.9896108449817032,-0.6811995769245398
2025-04-21,0.606,0.616,0.616,0.604,188844,11551459.3,1.98,1.65,0.01,1.63,-0.06948640483383695,0.02753902232706703,361185.1,-0.32150000000000023,2.647,3.12,0.6082,0.6007,-0.008116883116883078,-0.016233766233766267,0.02922077922077926,-0.112869342164155,-0.37752295425373084
2025-04-22,0.615,0.611,0.615,0.609,196271,12001648.4,0.97,-0.81,-0.005,1.7,-0.08120300751879705,0.027496861898703834,329605.95,-0.3845000000000002,2.59,2.8474999999999997,0.609,0.6058,0.004909983633387904,-0.00327332242225864,0.014729950900163713,-0.05404942944672697,-0.21998137258948147
2025-04-23,0.612,0.614,0.618,0.609,410440,25268506.0,1.47,0.49,0.003,3.55,-0.061162079510703404,0.02739400194616879,324366.05,-0.2775000000000002,2.528,2.8025,0.6106,0.6089,-0.014657980456026065,0.004885993485342022,0.026058631921824116,0.162894657758619,0.07970693911833315
2025-04-24,0.615,0.605,0.615,0.603,159164,9669657.435,1.95,-1.47,-0.009,1.37,-0.0735068912710567,0.027519491434727993,316905.4,-0.34350000000000025,2.5645,2.738,0.6103999999999999,0.6098,0.0049586776859504855,0.046280991735537125,0.036363636363636376,-0.08067958822749755,0.012303808130100569
2025-04-25,0.606,0.608,0.613,0.603,362119,22022248.2,1.65,0.5,0.003,3.13,-0.07317073170731714,0.027525209027223687,323805.65,-0.34150000000000025,2.517,2.7975000000000003,0.6108,0.6092000000000001,-0.003289473684210509,0.03618421052631593,0.03453947368421062,0.03655599088583683,0.5196428337055676
2025-04-28,0.608,0.606,0.61,0.603,321922,19520474.8,1.15,-0.33,-0.002,2.78,-0.06769230769230772,0.027492184028951486,326169.9,-0.3125000000000002,2.5060000000000002,2.818,0.6087999999999999,0.6085,0.004950495049504955,0.04620462046204632,0.018151815181518094,0.3388921573100456,0.7090124280707046
2025-04-29,0.604,0.609,0.61,0.601,162598,9857445.9,1.49,0.5,0.003,1.4,-0.06018518518518523,0.02755144688234435,319515.35,-0.2720000000000002,2.488,2.7605,0.6083999999999999,0.6087,0.013136288998357948,0.01806239737274229,0.011494252873563315,1.1134448458575497,0.7872586102769294
2025-04-30,0.609,0.617,0.619,0.609,181918,11192149.7,1.64,1.31,0.008,1.57,-0.04489164086687314,0.027778056066548706,301016.9,-0.1910000000000002,2.516,2.6005,0.609,0.6098,0.025931928687196182,0.021069692058346856,-0.0032414910858995505,0.7729450498586401,0.558576548176015
2025-05-06,0.622,0.633,0.633,0.621,296241,18619301.1,1.94,2.59,0.016,2.56,-0.021638330757341562,0.028464533516160753,302068.35,-0.0690000000000002,2.5665000000000004,2.6094999999999997,0.6145999999999999,0.6125,-0.004739336492891044,-0.009478672985781977,-0.025276461295418717,0.29431635841236625,-0.04980187689805027
2025-05-07,0.642,0.63,0.645,0.625,362108,22980273.4,3.16,-0.47,-0.003,3.13,-0.0031645569620253333,0.027992359298489124,302135.1,0.0234999999999998,2.601,2.61,0.619,0.6149,0.006349206349206327,-0.0015873015873015817,-0.025396825396825418,0.12905676548376377,-0.07177029536652868
2025-05-08,0.627,0.634,0.636,0.627,360123,22797263.8,1.43,0.63,0.004,3.11,0.1142355008787348,0.015184028656540215,279054.85,0.5534999999999999,2.4195,2.4105,0.6245999999999999,0.6167,-0.02208201892744477,-0.02681388012618302,-0.0362776025236593,0.39434080179686304,-0.047544755519545734
2025-05-09,0.634,0.62,0.634,0.619,349436,21775042.4,2.37,-2.21,-0.014,3.02,0.10714285714285698,0.015703356041822616,275186.35,0.5219999999999998,2.3270000000000004,2.377,0.6268,0.6175999999999999,0.016129032258064502,-0.006451612903225823,-0.029032258064516148,-0.2988263901084929,-0.28529271439366377
2025-05-12,0.624,0.63,0.631,0.624,193744,12165586.0,1.13,1.61,0.01,1.67,0.08061749571183552,0.013548718860819393,269574.85,0.3969999999999998,1.9905000000000002,2.3285,0.6294000000000001,0.6192,-0.004761904761904745,-0.023809523809523836,-0.03492063492063491,-0.5448632955148094,-0.40738843163126337
2025-05-13,0.64,0.627,0.64,0.626,203915,12877137.6,2.22,-0.48,-0.003,1.76,0.052013422818792066,0.012960538207341674,257795.85,0.26149999999999973,1.9469999999999998,2.2265,0.6282,0.6214000000000001,0.0031897926634769647,-0.01594896331738438,-0.0430622009569378,-0.35518592018855943,-0.32209475238853025
2025-05-14,0.629,0.629,0.635,0.624,341492,21492923.4,1.75,0.32,0.002,2.95,0.02442996742671011,0.011226219915095871,253456.6,0.12649999999999978,1.7744999999999997,2.1889999999999996,0.6279999999999999,0.6234999999999999,-0.019077901430842648,-0.02384737678855331,-0.049284578696343395,-0.4066761068204098,-0.3499671646509972
2025-05-15,0.63,0.617,0.63,0.616,1135387,70401868.5,2.23,-1.91,-0.012,9.81,0.006525285481239873,0.012106649024541343,299532.0,0.0389999999999998,1.7885000000000002,2.587,0.6246,0.6245999999999999,-0.0016207455429497752,-0.00972447325769854,-0.011345218800648316,-0.7896594326360165,-0.3160389341720081
2025-05-16,0.616,0.616,0.618,0.613,124683,7676183.8,0.81,-0.16,-0.001,1.08,0.014827018121911006,0.011880739032084068,295032.35,0.0799999999999998,1.7395,2.5484999999999998,0.6237999999999999,0.6253,-0.0016233766233766378,-0.022727272727272707,-0.024350649350649345,-0.48449703819970447,-0.25771198430949394
2025-05-19,0.614,0.615,0.616,0.608,198980,12179154.4,1.3,-0.16,-0.001,1.72,0.014851485148514865,0.011880478941324392,296802.8,0.0799999999999998,1.6975000000000002,2.5639999999999996,0.6208,0.6251,0.003252032520325132,-0.011382113821138184,-0.019512195121951237,0.10109330861345489,-0.21762289409002433
2025-05-20,0.615,0.617,0.62,0.613,133766,8242308.8,1.14,0.33,0.002,1.16,0.018151815181518094,0.01189114013693035,290681.5,0.0964999999999998,1.6469999999999998,2.5115,0.6188,0.6234999999999999,-0.004862236628849326,-0.027552674230145846,-0.012965964343598091,0.06322394471546833,0.043151971014258717
2025-05-21,0.618,0.614,0.618,0.611,194542,11922170.5,1.13,-0.49,-0.003,1.68,0.013201320132013139,0.011961446061188466,293884.65,0.0719999999999998,1.6454999999999997,2.539,0.6157999999999999,0.6218999999999999,-0.004885993485342022,-0.026058631921824116,0.014657980456026065,0.1585381749240633,0.2308851569681183
2025-05-22,0.613,0.611,0.617,0.609,168387,10343562.0,1.3,-0.49,-0.003,1.45,-0.008116883116883078,0.01142045242700156,292861.8,-0.0350000000000002,1.6115,2.53,0.6145999999999999,0.6195999999999999,-0.014729950900163713,-0.0016366612111292644,0.016366612111292866,3.5107663503113073,0.2719189211724331
2025-05-23,0.611,0.602,0.613,0.601,226339,13742381.9,1.96,-1.47,-0.009,1.96,-0.014729950900163713,0.011748323653462628,294365.2,-0.0680000000000002,1.661,2.543,0.6118,0.6178,0.009966777408637828,-0.0016611295681062677,0.038205980066445155,1.2836502640918206,0.3025843504240733
2025-05-26,0.602,0.608,0.608,0.601,129298,7816547.5,1.16,1.0,0.006,1.12,-0.009771986970684043,0.011927914549782669,280308.1,-0.04250000000000019,1.6455000000000002,2.4215,0.6103999999999999,0.6156,-0.013157894736842146,-0.008223684210526327,0.009868421052631637,0.5170969254139506,0.6572719259587403
2025-05-27,0.605,0.6,0.606,0.598,222288,13354904.5,1.32,-1.32,-0.008,1.92,-0.008264462809917328,0.011838072234382057,283464.3,-0.0350000000000002,1.614,2.4490000000000003,0.607,0.6129,-0.0033333333333332993,0.015000000000000124,0.025000000000000133,0.34561163258460703,0.45888702904662804
2025-05-28,0.6,0.598,0.603,0.595,154069,9212215.5,1.33,-0.33,-0.002,1.33,-0.016447368421052655,0.011787520544079326,273061.8,-0.0765000000000002,1.598,2.359,0.6038,0.6098,0.02006688963210701,0.041806020066889715,0.025083612040133874,0.5345820446034213,0.5218274372620268
2025-05-29,0.598,0.61,0.61,0.598,214806,13016138.1,2.01,2.01,0.012,1.86,0.0066006600660066805,0.012649504209079161,267706.0,0.04049999999999979,1.641,2.3129999999999997,0.6036,0.6091,-0.014754098360655776,0.0180327868852459,-0.003278688524590123,-0.0589967045145765,0.1655366178814317
2025-05-30,0.608,0.601,0.608,0.598,283527,17025321.3,1.64,-1.48,-0.009,2.45,-0.013136288998357948,0.013038218988836512,273752.45,-0.058500000000000205,1.6484999999999999,2.3655,0.6033999999999999,0.6075999999999999,0.0033277870216306127,0.03993344425956735,0.019966722129783676,-0.3529463466595133,-0.00787304042280057
2025-06-03,0.599,0.603,0.606,0.598,239658,14465840.4,1.33,0.33,0.002,2.07,-0.02269043760129663,0.012674518784416746,276639.45,-0.10750000000000019,1.6329999999999998,2.3905,0.6023999999999999,0.6064,0.00995024875621886,0.018242122719734688,0.014925373134328401,0.07017977929183594,-0.01666860252209057
2025-06-04,0.603,0.609,0.611,0.603,367865,22349398.1,1.33,1.0,0.006,3.18,-0.03791469194312802,0.01131317723458398,280220.65,-0.1870000000000002,1.6025000000000003,2.4215000000000004,0.6042,0.6056,0.02298850574712641,0.009852216748768461,0.016420361247947435,0.119915781203493,-0.04896248259287028
2025-06-05,0.611,0.623,0.624,0.609,381943,23511727.2,2.46,2.3,0.014,3.3,-0.011111111111111072,0.012571969464031784,281212.4,-0.04850000000000021,1.5675000000000001,2.43,0.6092000000000001,0.6065,-0.0032102728731941976,-0.0160513643659711,-0.012841091492776902,-0.4046737004756983,-0.3836743683311268
2025-06-06,0.622,0.621,0.623,0.618,269966,16732729.0,0.8,-0.32,-0.002,2.33,-0.02050473186119872,0.012479910006403635,276704.55,-0.09600000000000021,1.536,2.391,0.6113999999999999,0.6074999999999999,0.006441223832528209,-0.020933977455716568,-0.019323671497584516,-0.3447180755084257,-0.3512708461279195
2025-06-09,0.625,0.625,0.626,0.62,190184,11865860.6,0.97,0.64,0.004,1.64,0.008064516129032251,0.011533147503771284,268741.95,0.0464999999999998,1.466,2.322,0.6162,0.6098,-0.01760000000000006,-0.019199999999999995,-0.01760000000000006,0.007133422387238131,-0.2731445526058459
2025-06-10,0.625,0.614,0.625,0.609,808058,49775370.4,2.56,-1.76,-0.011,6.98,-0.025396825396825418,0.01158796561747136,299457.65,-0.12200000000000019,1.5375,2.5875,0.6184000000000001,0.6103999999999999,0.0016286644951140072,-0.0032573289902280145,0.01791530944625408,-0.5989068010288227,-0.34335398783384796
2025-06-11,0.613,0.615,0.621,0.613,193654,11934948.2,1.3,0.16,0.001,1.67,-0.019138755980861233,0.011573308318770816,298944.6,-0.09000000000000022,1.4914999999999998,2.5829999999999997,0.6195999999999999,0.6119,-0.003252032520325243,0.006504065040650486,0.03577235772357734,-0.4440136542308851,-0.18413219796246516
2025-06-12,0.615,0.613,0.618,0.611,337670,20728947.3,1.14,-0.33,-0.002,2.92,-0.025437201907790197,0.011543032468558248,298753.5,-0.1225000000000002,1.4609999999999999,2.5815,0.6176,0.6134000000000001,-0.00815660685154973,0.0032626427406199365,0.03588907014681886,-0.02591382847450341,-0.18447962444231514
2025-06-13,0.612,0.608,0.614,0.605,193947,11795806.6,1.47,-0.82,-0.005,1.68,-0.014586709886547866,0.01089406432621907,251681.5,-0.06800000000000021,1.423,2.175,0.615,0.6132,0.008223684210526327,0.00164473684210531,0.049342105263157965,-0.008663680883929992,-0.17165128664811147
2025-06-16,0.607,0.613,0.616,0.606,105571,6466628.2,1.64,0.82,0.005,0.91,-0.004870129870129913,0.011070211403623065,250725.9,-0.01900000000000022,1.4645,2.1665,0.6125999999999999,0.6144000000000001,-0.0016313213703099683,0.0016313213703098572,0.0538336052202284,-0.06263638670092264,-0.08033401226080406
2025-06-17,0.614,0.612,0.616,0.61,189361,11602083.4,0.98,-0.16,-0.001,1.64,-0.004878048780487809,0.011070265838725647,250244.95,-0.019000000000000218,1.4485,2.1625,0.6122,0.6153000000000001,0.011437908496731986,0.0212418300653594,0.05065359477124187,0.9537617134309739,-0.060044223572414346
2025-06-18,0.611,0.619,0.621,0.61,228779,14082073.9,1.8,1.14,0.007,1.98,0.0032414910858995505,0.011351828443532953,254995.6,0.021499999999999776,1.4815,2.2035,0.6129999999999999,0.6163000000000001,-0.00646203554119551,0.029079159935379684,0.01938610662358653,0.639747795509638,0.11232668368124532
2025-06-19,0.618,0.615,0.622,0.612,150317,9279566.1,1.62,-0.65,-0.004,1.3,0.0016286644951140072,0.01139510038710542,252784.35,0.013499999999999773,1.5059999999999998,2.1845,0.6134000000000001,0.6154999999999999,-0.009756097560975618,0.03252032520325199,0.04390243902439028,0.45681156185480365,0.5097063127715771
2025-06-20,0.615,0.609,0.616,0.607,125607,7672564.5,1.46,-0.98,-0.006,1.09,-0.00327332242225864,0.011559075960205369,250645.35,-0.011000000000000221,1.5139999999999998,2.1665,0.6136,0.6143000000000001,0.008210180623973828,0.04761904761904767,0.05254515599343201,0.017149548390598346,0.358599852494524
2025-06-23,0.606,0.614,0.614,0.604,167095,10210458.8,1.64,0.82,0.005,1.44,0.019933554817275656,0.011162368840810287,247683.15,0.10349999999999977,1.498,2.1405000000000003,0.6138,0.6132000000000001,0.01791530944625408,0.05211726384364823,0.037459283387622166,0.024508131297246827,0.3782991790524459
2025-06-24,0.613,0.625,0.625,0.613,201725,12542236.9,1.95,1.79,0.011,1.74,0.027960526315789602,0.011628456381683713,251304.5,0.14299999999999977,1.5375,2.1715,0.6164,0.6143000000000001,0.019200000000000106,0.028799999999999937,0.040000000000000036,-0.142855922326798,0.40630889996695774
2025-06-25,0.627,0.637,0.637,0.624,288908,18211373.175,2.08,1.92,0.012,2.5,0.06166666666666676,0.011740434282545623,254635.5,0.30499999999999977,1.5755000000000001,2.2005000000000003,0.62,0.6165,-0.0031397174254317317,-0.009419152276295195,0.014128728414442682,-0.1347493701944803,0.1314937799265088
2025-06-26,0.638,0.635,0.643,0.633,172123,10981916.3,1.57,-0.31,-0.002,1.49,0.061872909698996725,0.011734962127212638,255538.2,0.30599999999999977,1.5875,2.2085,0.624,0.6186999999999999,0.0047244094488188,0.011023622047244164,0.012598425196850505,0.12673174745294613,0.139033453313941
2025-06-27,0.634,0.638,0.643,0.629,565741,36124178.1,2.2,0.47,0.003,4.89,0.04590163934426239,0.011046775931354332,273084.95,0.2289999999999998,1.597,2.3600000000000003,0.6298,0.6217,0.012539184952978122,0.004702194357366851,0.01724137931034475,0.5403142531685914,0.25593870851083333
2025-06-30,0.641,0.646,0.646,0.64,193560,12466935.2,0.94,1.25,0.008,1.67,0.07487520798668901,0.010500908160039126,268586.6,0.36549999999999977,1.562,2.3209999999999997,0.6362,0.625,-0.004643962848297267,-0.01393188854489169,0.003095975232198178,0.38382183481337573,0.1692895573887616
2025-07-01,0.645,0.643,0.646,0.639,220815,14202596.5,1.08,-0.46,-0.003,1.91,0.06633499170812618,0.010664557823435446,267644.45,0.3259999999999998,1.5494999999999999,2.313,0.6398,0.6281,-0.018662519440124425,0.010886469673405896,0.018662519440124425,0.6160805262549054,0.16557292753439357
2025-07-02,0.643,0.631,0.643,0.63,321222,20360614.3,2.02,-1.87,-0.012,2.77,0.03612479474548436,0.011599498737565304,265312.3,0.1824999999999998,1.584,2.2924999999999995,0.6386000000000001,0.6293,0.017432646592709933,0.023771790808240878,0.03645007923930277,0.12419107064443291,-0.20302717076534182
2025-07-03,0.632,0.642,0.643,0.632,233035,14875855.8,1.74,1.74,0.011,2.01,0.03049759229534521,0.011123100545430543,257866.9,0.15449999999999978,1.548,2.228,0.64,0.632,-0.0015576323987539498,0.0015576323987538387,0.0389408099688473,-0.20978241945017617,-0.20174581240976508
2025-07-04,0.639,0.641,0.649,0.636,364158,23378308.0,2.02,-0.16,-0.001,3.15,0.03220611916264082,0.011091877373849986,262576.5,0.16249999999999976,1.609,2.269,0.6406000000000001,0.6352,-0.006240249609984372,0.012480499219968744,0.03900156006240252,-0.17062905438958453,-0.15295198573427227
2025-07-07,0.64,0.637,0.641,0.634,135500,8621030.7,1.09,-0.62,-0.004,1.17,0.019200000000000106,0.011165469536230512,259842.3,0.09949999999999976,1.6149999999999998,2.2455,0.6388,0.6375,0.020408163265306145,0.017268445839874413,0.04552590266875978,-0.13694785553284528,-0.22230980807405354
2025-07-08,0.635,0.65,0.65,0.635,272094,17575044.6,2.35,2.04,0.013,2.35,0.05863192182410426,0.011065296170274002,233044.1,0.28949999999999976,1.6045000000000003,2.014,0.6402,0.6399999999999999,-0.006153846153846176,0.007692307692307665,0.024615384615384706,-0.5165184721358236,-0.3712473610299317
2025-07-09,0.65,0.646,0.652,0.643,208338,13483597.3,1.38,-0.62,-0.004,1.8,0.05040650406504077,0.011248092025388238,233778.3,0.2504999999999998,1.6085,2.0205,0.6432,0.6409,-0.004643962848297267,0.01238390092879249,0.03250773993808043,-0.4609650758883249,-0.37323780429379405
2025-07-10,0.646,0.643,0.647,0.64,190303,12243862.5,1.08,-0.46,-0.003,1.64,0.048939641109298604,0.01128992559138131,226409.95,0.24399999999999977,1.6055,1.9565000000000001,0.6434,0.6417,0.009331259720062324,0.03732503888024885,0.05287713841368591,-0.20003150305643858,-0.35491097756341783
2025-07-11,0.643,0.649,0.653,0.64,203160,13181453.3,2.02,0.93,0.006,1.75,0.06743421052631593,0.011100664267660135,226870.6,0.3314999999999998,1.6330000000000002,1.9600000000000002,0.6449999999999999,0.6428,-0.0015408320493066618,0.026194144838212585,0.055469953775038494,-0.18071146486155176,-0.3520859943781417
2025-07-14,0.649,0.648,0.652,0.646,125429,8129976.0,0.92,-0.15,-0.001,1.08,0.057096247960848334,0.01108866843184248,227863.5,0.2829999999999998,1.597,1.9685,0.6472,0.643,0.010802469135802406,0.0277777777777779,0.06327160493827155,-0.15150226533956956,-0.35315940280167535
2025-07-15,0.647,0.655,0.656,0.647,344671,22482042.4,1.39,1.08,0.007,2.98,0.0702614379084967,0.011173116704567542,235629.0,0.3449999999999998,1.6175000000000002,2.0355,0.6482,0.6442,-0.0015267175572518665,0.016793893129771087,0.06412213740457995,0.16322375328523608,-0.36301232846593867
2025-07-16,0.654,0.654,0.663,0.653,486397,32045945.2,1.53,-0.15,-0.001,4.2,0.056542810985460434,0.011061429737033357,248509.9,0.2804999999999998,1.6039999999999999,2.1465,0.6498,0.6465,0.01987767584097866,0.01987767584097866,0.058103975535167995,0.268680484277243,-0.14267472263052472
2025-07-17,0.654,0.667,0.668,0.652,466307,30939043.734,2.45,1.99,0.013,4.03,0.08455284552845543,0.011459999702540741,264309.4,0.4124999999999998,1.6455000000000002,2.2830000000000004,0.6546,0.649,-0.0014992503748125774,0.014992503748125996,0.03148425787106435,-0.2533680757946859,-0.2647928788838064
2025-07-18,0.667,0.666,0.675,0.662,225736,15065084.7,1.95,-0.15,-0.001,1.95,0.09359605911330049,0.011075758883729631,269315.85,0.45399999999999985,1.67,2.3259999999999996,0.658,0.6515000000000001,0.0,0.028528528528528607,0.02402402402402415,-0.2653706781581646,-0.18870110047104982
2025-07-21,0.667,0.666,0.667,0.662,206316,13720611.9,0.75,0.0,0.0,1.78,0.08469055374592838,0.011084778693690107,271276.9,0.4129999999999998,1.6255,2.343,0.6616000000000001,0.6544000000000001,0.0,0.03453453453453448,0.03003003003003002,-0.32108947366979945,-0.14580332193029155
2025-07-22,0.667,0.666,0.669,0.663,175862,11707820.3,0.9,0.0,0.0,1.52,0.0656000000000001,0.010626650863277036,269983.75,0.3234999999999998,1.573,2.332,0.6638,0.656,0.0015015015015014122,0.04654654654654644,0.03453453453453448,-0.41646621693802344,0.022641724598166713
2025-07-23,0.666,0.667,0.672,0.662,166919,11143157.8,1.5,0.15,0.001,1.44,0.047095761381475754,0.009942103480317903,263884.3,0.2349999999999998,1.544,2.279,0.6664000000000001,0.6580999999999999,0.014992503748125996,0.03748125937031466,0.038980509745127234,-0.017101031359780028,0.09708031163372799
2025-07-24,0.667,0.677,0.677,0.667,197167,13257479.8,1.5,1.5,0.01,1.7,0.06614173228346454,0.01023745551369943,265136.5,0.3254999999999998,1.5405,2.2895,0.6684,0.6615,0.011816838995568624,0.016248153618906747,0.023633677991137247,0.3586084236101357,-0.05690799598894469
2025-07-25,0.676,0.685,0.686,0.673,424249,28803374.0,1.92,1.18,0.008,3.66,0.07366771159874608,0.0104123060830613,258061.9,0.36099999999999977,1.5265,2.228,0.6722,0.6651,0.005839416058394109,-0.004379562043795637,0.0,0.2573930038280534,-0.03358037703619332
2025-07-28,0.686,0.689,0.69,0.681,402231,27586280.9,1.31,0.58,0.004,3.47,0.06656346749225994,0.01021589097204687,268495.45,0.3274999999999998,1.545,2.318,0.6768000000000001,0.6692,0.011611030478954953,-0.004354136429608024,0.00870827285921627,0.39633185694688366,0.1608463685107231
2025-07-29,0.688,0.697,0.697,0.684,267952,18499458.4,1.89,1.16,0.008,2.31,0.0839813374805598,0.010199168885282583,270852.3,0.40849999999999975,1.5855000000000001,2.338,0.683,0.6734,-0.00717360114777621,-0.011477761836441891,0.012912482065997155,0.26988356696500304,0.23419054898321656
2025-07-30,0.697,0.692,0.698,0.686,283600,19660039.2,1.72,-0.72,-0.005,2.45,0.09667194928684619,0.009116332650612805,268971.2,0.46599999999999986,1.5705,2.322,0.688,0.6772,-0.005780346820809301,0.0014450867052022698,0.041907514450867156,-0.20403783651409602,0.2741675874226961
2025-07-31,0.691,0.688,0.701,0.685,334009,23238174.3,2.31,-0.58,-0.004,2.89,0.07165109034267902,0.008879724941614098,274019.9,0.3499999999999998,1.599,2.3660000000000005,0.6901999999999999,0.6793,-0.008720930232557933,0.007267441860465018,0.04069767441860472,-0.33034692886328243,0.44497575211630913
2025-08-01,0.687,0.682,0.692,0.675,326410,22315020.0,2.47,-0.87,-0.006,2.82,0.06396255850234023,0.009232074466146174,272132.5,0.3144999999999998,1.6215,2.3495,0.6895999999999999,0.6809000000000001,0.0058651026392961825,0.004398826979472137,0.07038123167155419,-0.18551936838431393,0.3082108313124221
2025-08-04,0.678,0.686,0.686,0.677,183879,12526250.1,1.32,0.59,0.004,1.59,0.0769230769230771,0.008977693093479474,274551.45,0.3749999999999998,1.6330000000000002,2.3705000000000003,0.689,0.6829000000000001,0.004373177842565523,0.01311953352769657,0.09329446064139924,0.05594794455147767,0.5122370924333501
2025-08-05,0.687,0.689,0.689,0.684,292003,20081711.8,0.73,0.44,0.003,2.52,0.05999999999999983,0.008083214521714798,275546.9,0.2949999999999998,1.552,2.3790000000000004,0.6874,0.6852,0.005805515239477588,0.02467343976777947,0.08127721335268512,0.6436636834862706,0.6295939043959049
2025-08-06,0.688,0.693,0.694,0.685,242485,16735676.9,1.31,0.58,0.004,2.09,0.0727554179566563,0.007812222262592567,277254.25,0.3549999999999998,1.5485,2.3935,0.6876,0.6878,0.0,0.04040404040404044,0.10389610389610393,0.9238435747531204,0.7731975129078845
2025-08-07,0.695,0.693,0.702,0.689,342557,23809755.4,1.88,0.0,0.0,2.96,0.07776049766718507,0.007622683541629947,284866.95,0.3779999999999998,1.5885000000000002,2.4595,0.6886,0.6894,-0.011544011544011412,0.03318903318903321,0.09812409812409828,1.3963027156260273,1.0561860420767784
2025-08-08,0.692,0.685,0.692,0.683,119814,8215997.2,1.3,-1.15,-0.008,1.03,0.055469953775038494,0.008227579430559497,280699.65,0.2739999999999998,1.5525,2.4234999999999998,0.6892,0.6894,0.014598540145985162,0.06569343065693412,0.1708029197080292,0.5481933762302658,1.416911146388737
2025-08-11,0.684,0.695,0.697,0.684,233874,16209875.0,1.9,1.46,0.01,2.02,0.07253086419753085,0.008570468943614691,286121.9,0.35449999999999976,1.6015000000000001,2.4705,0.691,0.6900000000000001,0.015827338129496438,0.07913669064748219,0.17985611510791366,0.3808266889441192,1.1219578411554139
2025-08-12,0.695,0.706,0.707,0.692,375519,26339170.5,2.16,1.58,0.011,3.24,0.0778625954198473,0.008863167491145671,287664.3,0.3794999999999998,1.64,2.4835000000000003,0.6944,0.6909,0.021246458923512845,0.055240793201133176,0.16147308781869696,0.4575830015846114,1.0579998548471
2025-08-13,0.707,0.721,0.721,0.706,467064,33345577.3,2.12,2.12,0.015,4.03,0.10244648318042815,0.00957777955186241,286697.65,0.49299999999999977,1.6695,2.475,0.7,0.6938,-0.006934812760055475,0.061026352288488184,0.1386962552011095,0.29688912659255084,0.839609195547302
2025-08-14,0.721,0.716,0.732,0.715,553128,39983563.35,2.36,-0.69,-0.005,4.78,0.07346326836581696,0.00924644384184008,291038.7,0.3589999999999998,1.6649999999999998,2.5125,0.7045999999999999,0.6966,0.019553072625698276,0.0628491620111733,0.20251396648044695,0.1502593433362842,0.9502031336743499
2025-08-15,0.712,0.73,0.731,0.712,492156,35571111.5,2.65,1.96,0.014,4.25,0.09609609609609593,0.009817131741606113,304359.7,0.4644999999999998,1.7,2.6275000000000004,0.7135999999999999,0.7013999999999999,0.027397260273972712,0.09863013698630141,0.1698630136986301,1.2360623768959704,1.0992479762349894
2025-08-18,0.735,0.75,0.756,0.727,594979,44383363.14,3.97,2.74,0.02,5.14,0.12612612612612617,0.010977891285919025,323792.85,0.6014999999999998,1.861,2.7955,0.7246,0.7078,-0.00666666666666671,0.09333333333333327,0.1519999999999999,0.9098545610950097,0.7866824376947876
2025-08-19,0.747,0.745,0.755,0.743,226868,16961726.525,1.6,-0.67,-0.005,1.96,0.11861861861861844,0.011267495797945015,326343.15,0.5679999999999998,1.8960000000000001,2.8175,0.7323999999999999,0.7133999999999999,0.02684563758389258,0.10067114093959728,0.11409395973154357,0.4384072318178125,1.0455084962652497
2025-08-20,0.743,0.765,0.765,0.734,520941,38906857.915,4.16,2.68,0.02,4.5,0.14692653673163414,0.012162414384867117,344044.25,0.6944999999999998,2.029,2.9705000000000004,0.7412,0.7205999999999999,-0.005228758169934622,0.07320261437908493,0.065359477124183,0.3986388184001013,0.9340209267873292
2025-08-21,0.765,0.761,0.775,0.756,793647,60726255.032,2.48,-0.52,-0.004,6.86,0.12407680945347122,0.012298180088911096,373868.25,0.5934999999999998,2.0780000000000003,3.2284999999999995,0.7502000000000001,0.7274,0.053876478318002574,0.13140604467805517,0.01182654402102501,0.4957840593702938,1.2666476969812068
2025-08-22,0.762,0.802,0.804,0.761,1693524,134367623.304,5.65,5.39,0.041,14.63,0.1708029197080292,0.016301228251525676,437332.0,0.8039999999999997,2.2645,3.777,0.7646,0.7391,0.022443890274314038,0.06483790523690769,0.007481296758104827,-0.0961032993498564,0.8008431145099302
2025-08-25,0.816,0.82,0.83,0.802,1536923,125328641.126,3.49,2.24,0.018,13.28,0.19013062409288817,0.016603315511961533,494066.6,0.8869999999999998,2.3735,4.2675,0.7786000000000001,0.7516,0.0,0.0536585365853659,-0.018292682926829174,-0.11015031051632518,0.7489872708366807
2025-08-26,0.808,0.82,0.829,0.807,642237,52513350.0,2.68,0.0,0.0,5.55,0.17647058823529416,0.01670510157380166,512780.85,0.8289999999999997,2.413,4.4295,0.7936,0.763,0.0012195121951219523,0.012195121951219523,-0.04146341463414627,0.35191810673941504,0.7202346970960625
2025-08-27,0.825,0.821,0.852,0.819,989049,82544785.004,4.02,0.12,0.001,8.54,0.18641618497109835,0.016398826260969838,548053.3,0.8709999999999999,2.528,4.734,0.8048,0.7729999999999999,0.0487210718635811,-0.0073081607795371095,-0.023142509135200884,0.36420223738620483,0.7330437510602241
2025-08-28,0.819,0.861,0.862,0.813,945072,79296326.4,5.97,4.87,0.04,8.16,0.25145348837209314,0.01828435101394422,578606.45,1.1435,2.7110000000000003,4.9975,0.8248,0.7875,-0.008130081300813052,-0.10569105691056913,-0.009291521486643473,0.029451188181243593,0.738341539045803
2025-08-29,0.853,0.854,0.857,0.837,581518,49291400.8,2.32,-0.81,-0.007,5.02,0.25219941348973585,0.018250518497061236,591361.85,1.1464999999999999,2.7035,5.1075,0.8352,0.7999,0.011709601873536313,-0.05386416861826693,0.007025761124121788,0.812765328975406,0.6159895681971392
2025-09-01,0.858,0.864,0.873,0.842,1177047,100452322.3,3.63,1.17,0.01,10.17,0.259475218658892,0.018202889348721125,641020.25,1.1755,2.819,5.5365,0.844,0.8112999999999999,-0.03935185185185186,-0.06828703703703698,-0.0023148148148147696,0.7968478389972007,0.6315061105656072
2025-09-02,0.86,0.83,0.867,0.824,817953,68513654.793,4.98,-3.94,-0.034,7.07,0.20464441219158203,0.021469000117223982,667317.75,0.9564999999999998,3.0315000000000003,5.764,0.8460000000000001,0.8198000000000001,-0.01807228915662651,-0.053012048192771055,0.053012048192771166,0.1970593011260171,0.238772469855556
2025-09-03,0.829,0.815,0.835,0.81,1143262,94007111.4,3.01,-1.81,-0.015,9.88,0.176046176046176,0.02233575195724886,712356.6,0.837,3.1165,6.153499999999999,0.8448,0.8248,-0.05521472392638027,-0.01595092024539868,0.08220858895705518,0.20308760887126498,0.16842292055541241
2025-09-04,0.817,0.77,0.824,0.758,1458572,114363035.9,8.1,-5.52,-0.045,12.6,0.11111111111111116,0.026457480231513758,768157.35,0.5609999999999998,3.4274999999999998,6.635499999999999,0.8266,0.8257,0.04935064935064948,0.10779220779220777,0.15454545454545454,0.3779266194213351,-0.2760680516446077
2025-09-05,0.771,0.808,0.809,0.766,1582349,124083919.5,5.58,4.94,0.038,13.67,0.17956204379562046,0.027846345967589062,841284.1,0.8654999999999997,3.6415000000000006,7.2675,0.8173999999999999,0.8263,-0.003712871287128716,0.06435643564356419,0.09529702970297027,-0.2183011069966162,-0.3368249767441218
2025-09-08,0.803,0.805,0.814,0.79,778491,62331882.0,2.97,-0.37,-0.003,6.72,0.15827338129496415,0.027941667880816732,868514.95,0.7739999999999998,3.6950000000000003,7.5025,0.8056000000000001,0.8248,-0.023602484472049712,0.07080745341614891,0.14534161490683228,-0.2058958963582289,-0.2723700344682709
2025-09-09,0.8,0.786,0.802,0.781,506299,40155600.7,2.61,-2.36,-0.019,4.37,0.11331444759206799,0.02872145831783222,875053.95,0.5769999999999997,3.7175000000000002,7.559,0.7968,0.8214,0.020356234096692072,0.1119592875318065,0.16412213740458026,-0.3632245499975333,-0.3569645144592921
2025-09-10,0.79,0.802,0.809,0.79,405995,32549546.9,2.42,2.04,0.016,3.51,0.11234396671289892,0.028696894550400164,872000.5,0.5729999999999997,3.7325000000000004,7.5329999999999995,0.7942,0.8195,0.06359102244389025,0.09975062344139651,0.1758104738154611,-0.3761911188552196,-0.3584465425833031
2025-09-11,0.805,0.853,0.854,0.8,617528,51752626.838,6.73,6.36,0.051,5.33,0.19134078212290495,0.0312762052021691,875220.5,0.9254999999999999,3.9509999999999996,7.5605,0.8108000000000001,0.8187,0.008206330597889888,0.042203985932004695,0.1137162954279014,-0.8857103268973132,-0.5978366829735944
2025-09-12,0.854,0.86,0.873,0.849,609170,52647376.666,2.81,0.82,0.007,5.26,0.17808219178082196,0.031182327863875686,881071.2,0.8684999999999997,3.9590000000000005,7.611,0.8211999999999999,0.8193000000000001,0.0023255813953488857,0.029069767441860517,0.07093023255813957,-0.7832629965070758,-0.46514451440909965
2025-09-15,0.862,0.862,0.872,0.856,239334,20663363.9,1.86,0.23,0.002,2.07,0.14933333333333332,0.030893171697200118,863288.95,0.7429999999999999,3.8534999999999995,7.4575000000000005,0.8326,0.8190999999999999,0.0139211136890951,0.06960556844547572,0.08352668213457082,-0.46352405890841264,-0.4616555000732707
2025-09-16,0.861,0.874,0.878,0.861,511900,44583447.8,1.97,1.39,0.012,4.42,0.17315436241610738,0.03074124808379475,877540.55,0.8459999999999999,3.872,7.580500000000001,0.8502000000000001,0.8234999999999999,0.009153318077803174,0.046910755148741545,0.08123569794050334,-0.19615598275256196,-0.422852053592192
2025-09-17,0.87,0.882,0.886,0.864,442434,38828827.008,2.52,0.92,0.008,3.82,0.15294117647058814,0.03043747353117311,873615.2,0.7579999999999998,3.7900000000000005,7.5465,0.8662000000000001,0.8301999999999999,0.007936507936507908,0.06916099773242634,0.10090702947845798,-0.13053070378543763,-0.3773480809627372
2025-09-18,0.882,0.889,0.915,0.872,523259,46705957.1,4.88,0.79,0.007,4.52,0.1681997371879107,0.03028791931286867,860095.8,0.8234999999999998,3.91,7.429499999999999,0.8734,0.8421000000000001,-0.004499437570303688,0.06861642294713155,0.03487064116985383,4.279153271838769,0.14368521941493784
2025-09-19,0.887,0.885,0.902,0.881,466841,41527357.292,2.36,-0.45,-0.004,4.03,0.10349127182044882,0.02841292767587777,798761.65,0.5314999999999998,3.7455,6.899499999999999,0.8784000000000001,0.8497999999999999,0.041807909604519855,0.04067796610169494,0.039548022598870025,3.112482787109302,0.27049390170438237
2025-09-22,0.885,0.922,0.922,0.885,707198,64272130.876,4.18,4.18,0.037,6.11,0.12439024390243913,0.02934197737691224,757275.4,0.6284999999999998,3.78,6.5409999999999995,0.8904,0.8615,-0.007592190889370909,0.013015184381778733,-0.04772234273318876,0.34972644167140365,0.21137430980172467
2025-09-23,0.925,0.915,0.929,0.889,525333,47753042.4,4.34,-0.76,-0.007,4.54,0.11585365853658547,0.029476382785041236,751430.2,0.5904999999999998,3.8629999999999995,6.4905,0.8986000000000001,0.8744,0.030601092896174853,0.032786885245901454,-0.01967213114754096,0.15257688979912576,0.39162196513984737
2025-09-24,0.908,0.943,0.946,0.903,526827,48919123.6,4.7,3.06,0.028,4.55,0.14859926918392197,0.029958741535502025,728319.1,0.7374999999999998,3.897,6.291,0.9108,0.8885,0.007423117709437932,0.02969247083775195,-0.05620360551431591,0.001252314664839771,0.2640968781493056
2025-09-25,0.94,0.95,0.957,0.93,250037,23679712.3,2.86,0.74,0.007,2.16,0.10336817653890829,0.028338410698416604,693567.35,0.5309999999999998,3.7415,5.991,0.923,0.8982000000000001,-0.030526315789473624,-0.03157894736842093,-0.09999999999999998,0.5577933561255888,0.9733171710763944
2025-09-26,0.943,0.921,0.95,0.919,477472,44788602.1,3.26,-3.05,-0.029,4.12,0.07845433255269318,0.029322872106705002,688365.05,0.41899999999999976,3.7885000000000004,5.946,0.9301999999999999,0.9042999999999999,0.014115092290988063,-0.0010857763300760048,-0.061889250814332275,0.06759616683309932,0.4694131695019783
2025-09-29,0.919,0.934,0.938,0.91,312406,28920059.431,3.04,1.41,0.013,2.7,0.0810185185185186,0.029360246115579015,645133.0,0.43099999999999977,3.7589999999999995,5.5725,0.9326000000000001,0.9115,0.011777301927194728,-0.05995717344753748,-0.043897216274089934,0.5350687532767318,0.5689948441297199
2025-09-30,0.941,0.945,0.953,0.939,236328,22342619.492,1.5,1.18,0.011,2.04,0.13855421686746983,0.027527087090085386,616051.75,0.6869999999999997,3.585,5.321,0.9385999999999999,0.9186,0.02751322751322749,-0.050793650793650724,-0.059259259259259234,0.6556474360325237,0.5487899182290614
2025-10-09,0.951,0.971,0.992,0.951,290213,28312560.0,4.34,2.75,0.026,2.51,0.19141104294478528,0.02723913974268589,573399.3,0.9149999999999998,3.6515,4.9525,0.9442,0.9275,-0.05252317198764156,-0.08341915550978374,-0.08959835221421208,0.4424149615573567,0.37152118796206546
2025-10-10,0.966,0.92,0.966,0.916,484514,45200737.545,5.15,-5.25,-0.051,4.19,0.19480519480519476,0.02690906997519681,524696.4,0.9284999999999999,3.5040000000000004,4.532,0.9381999999999999,0.9305999999999999,0.0,-0.07065217391304357,-0.0010869565217391797,-0.17366981322594,-0.030066972096067457
2025-10-13,0.892,0.92,0.922,0.884,533711,48519533.6,4.13,0.0,0.0,4.61,0.13861386138613851,0.025253096454254175,472264.5,0.6814999999999998,3.4314999999999998,4.079,0.938,0.9340999999999999,-0.04565217391304355,-0.0608695652173914,0.029347826086956408,-0.042103030719713774,0.02899692421983069
2025-10-14,0.93,0.878,0.931,0.87,366855,32889687.652,6.63,-4.57,-0.042,3.17,0.09068322981366461,0.02778731412701043,451682.7,0.4714999999999998,3.6144999999999996,3.9015,0.9267999999999998,0.9297000000000001,0.021640091116173155,0.017084282460136713,0.07403189066059213,-0.19813039340503746,-0.16926662618575672
2025-10-15,0.875,0.897,0.898,0.865,310546,27335439.2,3.76,2.16,0.019,2.68,0.14122137404580148,0.02719583059526666,441895.05,0.6974999999999998,3.6719999999999997,3.8169999999999993,0.9172,0.9279,-0.0078037904124860225,-0.00891861761426982,0.064659977703456,-0.2853579503571885,-0.21297280814946729
2025-10-16,0.889,0.89,0.906,0.886,251096,22444255.8,2.23,-0.78,-0.007,2.17,0.10972568578553621,0.027195749399354995,434150.1,0.5564999999999998,3.6625,3.75,0.901,0.9226000000000001,-0.0393258426966292,-0.006741573033707926,0.051685393258426915,-0.1535088337528705,-0.11394826157184346
2025-10-17,0.888,0.855,0.889,0.854,245816,21331772.0,3.93,-3.93,-0.035,2.12,0.0023446658851113966,0.02531103466942314,415564.5,0.041999999999999725,3.5225,3.5895,0.8879999999999999,0.9131,0.010526315789473717,0.07485380116959073,0.06315789473684208,-0.24929244931215766,-0.22314248574951956
2025-10-20,0.868,0.864,0.882,0.858,201187,17506025.1,2.81,1.05,0.009,1.74,0.0046511627906977715,0.025353853565990788,395165.35,0.05349999999999973,3.5225,3.4135,0.8768,0.9074,0.03356481481481488,0.09606481481481488,0.05208333333333348,-0.262161859865747,-0.21405873738290737
2025-10-21,0.869,0.893,0.895,0.866,344208,30434832.9,3.36,3.36,0.029,2.97,0.03596287703016254,0.026409866667373258,400409.05,0.20999999999999974,3.5975,3.4585,0.8798,0.9033000000000001,-0.004479283314669624,0.055991041433370636,0.0033594624860022737,-0.22583475038344802,-0.3161688207296741
2025-10-22,0.884,0.889,0.896,0.874,321463,28463454.1,2.46,-0.45,-0.004,2.78,0.017162471395881118,0.02629675229660161,390887.2,0.11799999999999974,3.622,3.3765,0.8782,0.8977,-0.0056242969628796935,0.07424071991001124,0.0011248593925758943,-0.2411367403799577,-0.3030708808831447
2025-10-23,0.882,0.884,0.885,0.866,176765,15425886.8,2.14,-0.56,-0.005,1.53,0.0022675736961450532,0.026268606260619064,377603.75,0.04399999999999974,3.6029999999999993,3.2620000000000005,0.877,0.889,0.039592760180995556,0.05882352941176472,0.03619909502262453,-0.0823317305804474,-0.1896396385738891
2025-10-24,0.891,0.919,0.921,0.89,294032,26723260.5,3.51,3.96,0.035,2.54,0.03374578177727794,0.0276606683735744,366142.4,0.20249999999999974,3.5345,3.1630000000000003,0.8897999999999999,0.8889000000000001,0.030467899891186034,-0.01088139281828071,-0.021762785636561532,0.14285713931174882,-0.26961176981851354
2025-10-27,0.941,0.947,0.95,0.925,481630,45125891.8,2.72,3.05,0.028,4.16,0.07005649717514117,0.028323609549840013,366881.85,0.3774999999999998,3.5524999999999998,3.1695,0.9064,0.8916000000000001,-0.004223864836325197,-0.04012671594508965,-0.057022175290390664,-0.24962292242879547,-0.4271473250119544
2025-10-28,0.936,0.943,0.957,0.934,274125,25888749.8,2.43,-0.42,-0.004,2.37,0.022776572668112616,0.026905150639098912,345228.2,0.14749999999999977,3.4650000000000007,2.9825,0.9164,0.8981,0.012725344644750836,-0.049840933191940495,-0.06998939554612937,-0.251916902309656,-0.28809307301836984
2025-10-29,0.949,0.955,0.959,0.941,242092,23019187.894,1.91,1.27,0.012,2.09,0.043715846994535346,0.02692839534366606,331066.15,0.24899999999999975,3.3435,2.8600000000000003,0.9296,0.9038999999999999,-0.019895287958115127,-0.0680628272251308,-0.08900523560209417,-0.445875634331226,-0.3365469613050187
2025-10-30,0.956,0.936,0.959,0.935,231864,21915451.4,2.51,-1.99,-0.019,2.0,-0.007423117709437821,0.026518062765206317,316318.0,-0.0035000000000002473,3.2339999999999995,2.7325000000000004,0.9399999999999998,0.9084999999999999,-0.028846153846153855,-0.021367521367521403,-0.0608974358974359,-0.11897747948109771,-0.3414614584907679
2025-10-31,0.935,0.909,0.938,0.908,261187,23922173.8,3.21,-2.88,-0.027,2.26,-0.04315789473684206,0.027212228507484844,316875.5,-0.18450000000000025,3.2515,2.7375,0.9380000000000001,0.9139000000000002,0.0,-0.011001100110010986,-0.060506050605060535,-0.2155194233785026,-0.28885317728516224
2025-11-03,0.903,0.909,0.909,0.886,323796,29150148.8,2.53,0.0,0.0,2.8,-0.013029315960912058,0.026361886013075184,309191.7,-0.03200000000000025,3.215,2.6715000000000004,0.9304,0.9184000000000001,-0.014301430143014326,-0.017601760176017667,-0.06160616061606161,0.15018926004632838,-0.2916944942159517
2025-11-04,0.909,0.896,0.912,0.889,221355,19998088.816,2.53,-1.43,-0.013,1.91,-0.04068522483940051,0.02630851396757915,304639.15,-0.17400000000000024,3.1895,2.632,0.921,0.9187,-0.006696428571428603,-0.021205357142857206,-0.0435267857142857,0.18317777317798556,-0.2362588721678497
2025-11-05,0.879,0.89,0.896,0.874,249548,22062161.1,2.46,-0.67,-0.006,2.16,-0.05820105820105814,0.026132536949977844,305300.15,-0.26650000000000024,3.2375,2.6380000000000003,0.908,0.9188000000000001,0.02921348314606753,-0.022471910112359605,-0.04157303370786525,0.741924570023583,-0.2396320944256547
2025-11-06,0.896,0.916,0.917,0.894,247416,22434675.9,2.58,2.92,0.026,2.14,-0.05664263645726053,0.02623843605623241,303160.3,-0.2580000000000003,3.1494999999999997,2.6195,0.9040000000000001,0.922,-0.018558951965065518,-0.04039301310043675,-0.08078602620087338,-0.45570571287204,-0.5016039315690325
2025-11-07,0.906,0.899,0.909,0.895,275798,24867472.3,1.53,-1.86,-0.017,2.38,-0.022826086956521774,0.023824050626624224,292724.5,-0.08850000000000026,2.9684999999999997,2.529,0.9020000000000001,0.9199999999999999,-0.006674082313681828,-0.0500556173526141,-0.10011123470522798,-0.23624431447193428,-0.26661970761918985
2025-11-10,0.9,0.893,0.907,0.879,191188,17021805.2,3.11,-0.67,-0.006,1.65,-0.02934782608695652,0.02385773729115432,275598.35,-0.12200000000000026,2.9174999999999995,2.381,0.8987999999999999,0.9146000000000001,-0.017917133258678608,-0.044792833146696576,-0.08958566629339315,-0.21037130226401013,-0.07069512590902871
2025-11-11,0.897,0.877,0.9,0.875,121296,10725232.5,2.8,-1.79,-0.016,1.05,-0.001138952164009166,0.02186154910840605,263320.4,0.016999999999999748,2.726,2.275,0.8950000000000001,0.908,-0.007981755986317007,-0.022805017103762815,-0.05587229190421894,-0.23079054939169974,0.014711908301617838
2025-11-12,0.872,0.87,0.878,0.861,208262,18069279.8,1.94,-0.8,-0.007,1.8,-0.030100334448160515,0.02132725704669902,258206.2,-0.13100000000000028,2.6350000000000002,2.231,0.891,0.8995000000000001,0.010344827586206806,-0.019540229885057436,-0.034482758620689724,-0.23885812002284368,0.17505092588595184
2025-11-13,0.867,0.879,0.882,0.866,126893,11100357.8,1.84,1.03,0.009,1.1,-0.012359550561797716,0.021422383075270425,251996.05,-0.04050000000000026,2.6155,2.1775,0.8836,0.8938,-0.028441410693970437,-0.04209328782707622,-0.04891922639362922,0.09688810053036212,0.09397208653145839
2025-11-14,0.868,0.854,0.87,0.853,212500,18301910.3,1.93,-2.84,-0.025,1.84,-0.0011695906432748204,0.020499967034603786,250330.25,0.013999999999999745,2.5155000000000003,2.1635,0.8746,0.8882999999999999,-0.0011709601873536313,-0.052693208430913296,-0.00936768149882905,0.19143656358494754,0.012588746550461272
2025-11-17,0.852,0.853,0.867,0.848,982259,84014215.3,2.22,-0.12,-0.001,8.48,-0.01273148148148151,0.02035438740673713,289383.85,-0.044500000000000234,2.4859999999999998,2.5004999999999997,0.8666,0.8827,0.004689331770222793,-0.04689331770222749,0.008206330597889888,0.21807090805310203,0.06913478550240004
2025-11-18,0.851,0.857,0.868,0.848,391608,33655393.7,2.34,0.47,0.004,3.38,-0.04031354983202695,0.018778093782158733,291753.85,-0.18900000000000022,2.4349999999999996,2.521,0.8625999999999999,0.8788,-0.004667444574095736,-0.03383897316219375,-0.007001166861143493,0.43909329890017257,0.08321361036475494
2025-11-19,0.857,0.853,0.863,0.846,136374,11649404.3,1.98,-0.47,-0.004,1.18,-0.040494938132733416,0.018779507001494687,282499.4,-0.19000000000000022,2.411,2.441,0.8592000000000001,0.8751,-0.01289566236811257,-0.015240328253223967,-0.009378663540445475,0.5880456375820409,0.08923992226106914
2025-11-20,0.862,0.842,0.867,0.841,322739,27324901.1,3.05,-1.29,-0.011,2.79,-0.04751131221719462,0.018925259357683813,289798.1,-0.22650000000000023,2.4564999999999997,2.5040000000000004,0.8518000000000001,0.8676999999999999,-0.039192399049881144,-0.0071258907363420665,0.01187648456057011,0.795774302063379,0.5120300764491887
2025-11-21,0.83,0.809,0.83,0.808,245656,20131252.7,2.61,-3.92,-0.033,2.12,-0.11969532100108815,0.01792799343232843,287379.3,-0.6205000000000003,2.4114999999999998,2.483,0.8427999999999999,0.8587,0.0049443757725586845,0.04573547589616811,0.056860321384425205,-0.4680537356768075,-0.3159321061210708
2025-11-24,0.811,0.813,0.821,0.798,212577,17187059.1,2.84,0.49,0.004,1.84,-0.1414994720168955,0.01598334558184096,273926.65,-0.7485000000000002,2.4175,2.367,0.8348000000000001,0.8507,0.01845018450184499,0.05781057810578116,0.07380073800738018,-0.48832840775835207,-0.27895712952697393
2025-11-25,0.821,0.828,0.84,0.821,153302,12735189.3,2.34,1.85,0.015,1.32,-0.12195121951219512,0.016998177100102336,267885.5,-0.6350000000000002,2.413,2.3145000000000002,0.829,0.8458,0.01449275362318847,0.0277777777777779,0.06038647342995174,-0.4307160800154375,-0.39593360312693815
2025-11-26,0.822,0.84,0.849,0.821,195016,16383812.9,3.38,1.45,0.012,1.68,-0.12041884816753923,0.017106777952809304,265531.7,-0.6260000000000001,2.4865,2.294,0.8263999999999999,0.8428000000000001,-0.004761904761904745,0.005952380952380931,0.036904761904761996,-0.4859617289126913,-0.41125662251384865
2025-11-27,0.841,0.836,0.862,0.835,202365,17144382.7,3.21,-0.48,-0.004,1.75,-0.1068376068376069,0.01680370005013593,264056.75,-0.5505000000000002,2.5215,2.2815000000000003,0.8251999999999999,0.8385,0.011961722488038395,0.019138755980861344,0.026315789473684292,-0.4820315761916012,-0.32026446612427906
2025-11-28,0.834,0.846,0.847,0.831,190751,16029067.6,1.91,1.2,0.01,1.65,-0.06930693069306937,0.01628917588554461,260534.95,-0.34650000000000025,2.4564999999999997,2.2510000000000003,0.8325999999999999,0.8376999999999999,0.016548463356973908,0.010638297872340496,0.028368794326241176,0.2118265858305337,-0.2516644851140154
2025-12-01,0.847,0.86,0.86,0.837,286853,24474246.8,2.72,1.65,0.014,2.48,-0.053905390539053966,0.016883534136550908,258687.8,-0.26400000000000023,2.466,2.235,0.842,0.8384,-0.010465116279069764,0.015116279069767424,-0.01279069767441865,0.3536959661853958,-0.19873910681559182
2025-12-02,0.858,0.851,0.86,0.847,223306,19036412.4,1.51,-1.05,-0.009,1.93,-0.0502232142857143,0.016765342081007724,258785.35,-0.24500000000000027,2.415,2.2359999999999998,0.8465999999999999,0.8378,-0.007050528789659283,0.031727379553466495,-0.01762632197414804,-0.17884215331725983,-0.1876499740183969
2025-12-03,0.851,0.845,0.855,0.841,212716,18028610.7,1.65,-0.71,-0.006,1.84,-0.050561797752809,0.01677026112241214,256943.75,-0.24700000000000025,2.3745000000000003,2.22,0.8475999999999999,0.837,0.008284023668639007,0.030769230769230882,0.01775147928994092,-0.14392099372050304,-0.04006245221621885
2025-12-04,0.841,0.852,0.852,0.832,221750,18722251.3,2.37,0.83,0.007,1.92,-0.06986899563318782,0.015276496886736586,255660.45,-0.35150000000000026,2.364,2.2090000000000005,0.8507999999999999,0.8379999999999999,0.0035211267605634866,0.007042253521126751,-0.007042253521126751,0.15710891460277332,0.020169670800231465
2025-12-05,0.85,0.855,0.858,0.839,144772,12304246.1,2.23,0.35,0.003,1.25,-0.04894327030033374,0.01492496961222623,249109.15,-0.24100000000000024,2.399,2.1525000000000003,0.8526,0.8426,0.021052631578947434,0.01754385964912286,-0.011695906432748537,0.34997189747523616,0.7408990995773861
2025-12-08,0.857,0.873,0.878,0.855,309378,26926306.6,2.69,2.11,0.018,2.67,-0.022396416573348232,0.015770739406942437,255018.65,-0.10200000000000027,2.378,2.2035,0.8552,0.8485999999999999,0.00572737686139746,-0.027491408934707917,-0.0068728522336769515,0.2205634779533716,0.6378483682395237
2025-12-09,0.867,0.878,0.885,0.867,331367,29038380.2,2.06,0.57,0.005,2.86,0.0011402508551880963,0.015316530294994636,265522.2,0.015999999999999754,2.341,2.2939999999999996,0.8606,0.8535999999999999,-0.007972665148063829,-0.04783599088838275,-0.01025056947608205,0.427617102701044,0.7384840056536279
2025-12-10,0.873,0.871,0.874,0.855,332448,28700923.6,2.16,-0.8,-0.007,2.87,0.0011494252873562871,0.015316275795470772,271731.5,0.015999999999999757,2.352,2.3475,0.8658000000000001,0.8567,-0.014925373134328401,-0.012629161882893203,0.014925373134328401,1.1660342403618564,0.7397598812333532
2025-12-11,0.869,0.858,0.873,0.856,329350,28585033.032,1.95,-1.49,-0.013,2.84,-0.023890784982935176,0.01547423764454814,281854.35,-0.11000000000000025,2.3575000000000004,2.4345,0.867,0.8589,0.013986013986013957,-0.013986013986013957,0.03379953379953382,0.6454279257996487,0.4853856742456102
2025-12-12,0.853,0.87,0.873,0.846,293148,25310184.9,3.15,1.4,0.012,2.53,0.0187353629976581,0.01439860015813777,285886.75,0.10199999999999973,2.4185,2.4690000000000003,0.8699999999999999,0.8613,-0.024137931034482807,-0.028735632183908066,0.01379310344827589,0.398457868824865,0.4468576253846781
2025-12-15,0.863,0.849,0.864,0.847,287222,24579424.6,1.95,-2.41,-0.021,2.48,-0.004689331770222793,0.015459930063414838,251134.9,-0.012500000000000266,2.405,2.1689999999999996,0.8652000000000001,0.8602000000000001,-0.01531213191990577,0.021201413427561766,0.0447585394581862,0.4180040532419189,0.11073879598125647
2025-12-16,0.842,0.836,0.851,0.832,220996,18562436.9,2.24,-1.53,-0.013,1.91,-0.024504084014002392,0.015776107089854732,242604.3,-0.11250000000000027,2.4,2.0955,0.8568,0.8587,0.028708133971291794,0.03947368421052633,0.06818181818181834,0.32540139113635447,-0.036360564718376565
2025-12-17,0.836,0.86,0.861,0.834,374216,31894939.0,3.23,2.87,0.024,3.23,0.008206330597889888,0.017091555258532322,254496.4,0.054499999999999736,2.4625,2.1979999999999995,0.8545999999999999,0.8602000000000001,-0.016279069767441867,0.027906976744185963,0.027906976744185963,-0.26795077541467716,-0.2748713336136229
2025-12-18,0.849,0.846,0.855,0.844,372602,31637085.805,1.28,-1.63,-0.014,3.22,0.004750593824228044,0.01724765560822315,256989.55,0.037499999999999735,2.374,2.2195,0.8522000000000001,0.8596,-0.0011820330969266601,0.0484633569739954,0.08392434988179676,-0.4905142462254969,-0.18073028469506758
2025-12-19,0.85,0.845,0.855,0.844,134115,11372682.454,1.3,-0.12,-0.001,1.16,0.04449938195302838,0.014539336573786905,251412.5,0.22749999999999973,2.3085,2.1715,0.8472,0.8586,0.026035502958579926,0.043786982248520845,0.10532544378698239,-0.3910592615944676,-0.1822411607393215
2025-12-22,0.849,0.867,0.867,0.849,277582,23951858.9,2.13,2.6,0.022,2.4,0.06642066420664205,0.015477416608313284,254662.75,0.33299999999999974,2.273,2.1994999999999996,0.8507999999999999,0.858,0.0023068050749712743,0.023068050749711633,0.08304498269896188,-0.6216015337909893,-0.2729215903160742
2025-12-23,0.867,0.869,0.874,0.863,181429,15780103.1,1.27,0.23,0.002,1.57,0.049516908212560384,0.015063000395998012,256069.1,0.2519999999999997,2.2195,2.2119999999999997,0.8573999999999999,0.8571,0.017261219792865434,0.027617951668584606,0.08055235903337166,-0.5712612527069687,-0.26210845653362513
2025-12-24,0.868,0.884,0.886,0.868,329248,28872711.7,2.07,1.73,0.015,2.84,0.05238095238095242,0.01519092700041459,262780.7,0.26599999999999974,2.154,2.27,0.8622,0.8583999999999999,0.0033936651583710287,0.0,0.07466063348416285,-0.5477512671771468,-0.30326375975689146
2025-12-25,0.883,0.887,0.89,0.877,512791,45352976.761,1.47,0.34,0.003,4.43,0.06100478468899517,0.01509018897251638,278302.0,0.3069999999999998,2.0669999999999997,2.404,0.8704000000000001,0.8613,-0.005636978579481422,0.03382187147688831,0.10146561443066515,0.599298569162152,-0.18826359413360982
2025-12-26,0.887,0.882,0.888,0.875,584076,51552625.627,1.47,-0.56,-0.005,5.05,0.042553191489361764,0.015057668301181104,297968.25,0.21899999999999972,2.045,2.574,0.8778,0.8625,0.005668934240362855,0.05895691609977338,0.07029478458049887,0.38218070803117543,0.10344929543946235
2025-12-29,0.881,0.887,0.897,0.879,288003,25592325.48,2.04,0.57,0.005,2.49,0.0313953488372094,0.014704138538176653,298025.75,0.16499999999999973,2.011,2.5745,0.8817999999999999,0.8663000000000001,0.006764374295377573,0.05862457722660652,0.08229988726042836,1.133577295540745,0.29000433911943846
2025-12-30,0.883,0.893,0.898,0.883,354618,31640730.2,1.69,0.68,0.006,3.06,0.049353701527614646,0.014459723323149142,304591.35,0.2514999999999997,2.02,2.6310000000000002,0.8865999999999999,0.8719999999999999,-0.01007838745800671,0.05151175811870101,0.08846584546472558,1.237914669980953,0.4450957438363812
2025-12-31,0.896,0.884,0.898,0.883,227513,20197042.914,1.68,-1.01,-0.009,1.97,0.04615384615384621,0.014580444239598799,305331.2,0.23649999999999977,2.0215,2.6375,0.8865999999999999,0.8744,0.03733031674208154,0.07466063348416285,0.11990950226244346,0.9409215193439264,0.5412752463868875
2026-01-05,0.892,0.917,0.917,0.892,460368,41923032.456,2.83,3.73,0.033,3.98,0.07629107981220673,0.016519343123390637,317262.1,0.38149999999999973,2.0445,2.7405,0.8926000000000001,0.8815,0.018538713195201728,0.06543075245365304,0.06870229007633588,-0.39808310377893774,0.22256225572344368
2026-01-06,0.921,0.934,0.937,0.915,635121,58917808.0,2.4,1.85,0.017,5.49,0.09239766081871359,0.01684357294963579,341779.55,0.4564999999999998,2.053,2.9524999999999997,0.9030000000000001,0.8904,0.005353319057815664,0.01070663811563155,0.03319057815845805,0.29803867258974814,0.27832667110238773
2026-01-07,0.939,0.939,0.947,0.93,378054,35433738.1,1.82,0.54,0.005,3.27,0.07560137457044669,0.016394461828007356,345213.35,0.3779999999999998,2.0095,2.9825,0.9134,0.8976,0.0,0.022364217252396124,0.0543130990415337,0.34998184362923523,0.4784750946255072
2026-01-08,0.937,0.939,0.954,0.934,352858,33233513.7,2.13,0.0,0.0,3.05,0.06947608200455568,0.016408624860737447,346287.9,0.34949999999999976,2.013,2.992,0.9225999999999999,0.9046,0.011714589989350488,0.03514376996805124,0.056443024494142735,0.30029568411077756,0.4606830272454019
2026-01-09,0.933,0.95,0.951,0.928,282672,26694062.8,2.45,1.17,0.011,2.44,0.09070034443168762,0.016274688223722165,343799.1,0.4479999999999998,2.0275,2.9705,0.9358000000000001,0.9112,0.028421052631578902,0.04210526315789487,0.04631578947368431,0.6812317436098707,0.4886082933520446
2026-01-12,0.955,0.977,0.979,0.951,436084,42227194.3,2.95,2.84,0.027,3.77,0.1386946386946386,0.01644047542526852,349135.8,0.6644999999999998,2.0774999999999997,3.0170000000000003,0.9478,0.9202,-0.03377686796315249,0.003070624360286489,-0.0020470829068577334,1.0181799161201743,0.2991178499820524
2026-01-13,0.978,0.944,0.98,0.941,576229,55452454.8,3.99,-3.38,-0.033,4.98,0.08505747126436769,0.01863959856090374,363289.85,0.4254999999999997,2.1195,3.1395,0.9498,0.9263999999999999,0.016949152542372836,0.022245762711864403,0.04978813559322037,-0.3005826117468764,-0.2139217812991432
2026-01-14,0.948,0.96,0.98,0.948,589106,56571880.5,3.39,1.69,0.016,5.09,0.1307420494699647,0.01757968540077671,378384.05,0.6304999999999998,2.1915000000000004,3.2700000000000005,0.954,0.9337,0.012499999999999956,0.03125,0.03333333333333344,-0.23999812584561575,-0.2507741802747049
2026-01-15,0.96,0.972,0.972,0.95,406850,38983413.9,2.29,1.25,0.012,3.51,0.16267942583732053,0.016864849733033472,387676.75,0.7694999999999996,2.194,3.35,0.9606,0.9416,0.0185185185185186,0.020576131687242816,-0.0092592592592593,-0.25369634973367916,-0.11638345406238904
2026-01-16,0.979,0.99,0.996,0.975,276582,27228189.918,2.16,1.85,0.018,2.39,0.15116279069767447,0.01634261383164134,382795.05,0.7184999999999998,2.1405,3.308,0.9686,0.9521999999999998,-0.010101010101010055,0.004040404040404066,-0.02929292929292937,-0.3469735413357631,-0.14242738380607067
2026-01-19,0.988,0.98,0.992,0.978,328191,32251121.91,1.41,-1.01,-0.01,2.83,0.1583924349881798,0.015928807298186073,380574.5,0.7494999999999998,2.147,3.2885,0.9692000000000001,0.9584999999999999,-0.015306122448979553,-0.005102040816326481,-0.05612244897959173,-0.20672550716656446,0.1018530803425961
2026-01-20,0.978,0.965,0.985,0.958,307553,29732667.3,2.76,-1.53,-0.015,2.66,0.1420118343195267,0.016631534994194293,389246.4,0.6789999999999997,2.2199999999999998,3.3634999999999997,0.9734,0.9616,0.02590673575129543,0.02694300518134707,-0.022797927461139955,0.06847656003030256,0.1197187516513647
2026-01-21,0.96,0.99,0.995,0.959,465605,46046638.8,3.73,2.59,0.025,4.02,0.1418685121107266,0.016623716844779927,398647.55,0.6784999999999998,2.3,3.4445,0.9793999999999998,0.9667,0.002020202020202033,0.002020202020202033,-0.06464646464646462,-0.2990019919285807,-0.05633840389692446
2026-01-22,1.0,0.992,1.009,0.983,181917,18047646.7,2.63,0.2,0.002,1.57,0.14154200230149594,0.01662790463627827,398671.95,0.6769999999999998,2.368,3.4445,0.9833999999999999,0.9720000000000001,0.002016129032258007,-0.029233870967741993,-0.07459677419354838,0.0238920221710599,-0.0657483655492751
2026-01-23,0.991,0.994,0.995,0.98,218719,21634796.698,1.51,0.2,0.002,1.89,0.1244343891402715,0.01647044107119584,393145.5,0.6004999999999997,2.34,3.397,0.9842000000000001,0.9763999999999999,-0.019114688128772706,-0.03319919517102621,-0.08148893360160958,0.12348817588995176,-0.07561295074890684
2026-01-26,0.996,0.975,1.0,0.971,307077,30069230.8,2.92,-1.91,-0.019,2.65,0.09921082299887263,0.017401298127678832,382859.8,0.4879999999999997,2.4125,3.308,0.9832000000000001,0.9762000000000001,0.016410256410256396,-0.05128205128205121,-0.037948717948718014,0.25409071312578035,0.09354345202225067
2026-01-27,0.973,0.991,0.995,0.959,497940,48621150.0,3.69,1.64,0.016,4.3,0.12358276643990918,0.017398034252267724,378553.0,0.5979999999999998,2.5235000000000003,3.2704999999999997,0.9884000000000001,0.9808999999999999,0.0010090817356205317,-0.04843592330978819,-0.047426841574167544,0.3661188938785098,0.29038061169275764
2026-01-28,0.996,0.992,1.005,0.984,278514,27699930.474,2.12,0.1,0.001,2.41,0.11837655016910942,0.017433680177325883,378078.55,0.5744999999999998,2.5275000000000003,3.2664999999999997,0.9888,0.9841000000000001,-0.029233870967741993,-0.06653225806451613,-0.05947580645161288,0.7898265650089711,0.3380765867255524
2026-01-29,0.991,0.963,0.994,0.961,323162,31520016.5,3.33,-2.92,-0.029,2.79,0.07838745800671898,0.01910228806809092,376505.75,0.39449999999999974,2.6094999999999997,3.253,0.983,0.9831999999999999,-0.0020768431983385627,-0.04672897196261672,-0.017653167185877505,0.14794248146968592,0.07911061885294779
2026-01-30,0.957,0.961,0.97,0.937,662372,63252198.848,3.43,-0.21,-0.002,5.72,0.08710407239818996,0.01887537384735681,398248.7,0.4344999999999997,2.697,3.4405,0.9763999999999999,0.9803,-0.037460978147762614,-0.04994797086368363,-0.019771071800208095,0.15696085013736938,0.1684283675274334
2026-02-02,0.955,0.925,0.96,0.923,661984,62273767.044,3.85,-3.75,-0.036,5.72,0.008724100327153872,0.01939977356858639,408329.5,0.060499999999999735,2.748,3.5275,0.9663999999999999,0.9748000000000001,0.01945945945945926,0.01405405405405391,0.025945945945945903,-0.13095607334189774,-0.25722708957554574
2026-02-03,0.936,0.943,0.943,0.918,472080,44190074.001,2.7,1.95,0.018,4.08,0.009635974304068373,0.019445586710202845,400177.45,0.06549999999999975,2.7630000000000003,3.457,0.9568,0.9726000000000001,-0.018027571580063517,0.0010604453870626251,0.01802757158006374,-0.2512772372568234,-0.3364477988236262
2026-02-04,0.936,0.926,0.936,0.914,368966,34102639.098,2.33,-1.8,-0.017,3.19,-0.013844515441959415,0.01984727181223878,399723.05,-0.051500000000000254,2.7885,3.4530000000000003,0.9436,0.9662000000000001,-0.008639308855291628,0.0075593952483801186,0.05291576673866083,-0.29690059009997527,-0.33676279940366416
2026-02-05,0.913,0.918,0.92,0.905,294449,26848910.3,1.62,-0.86,-0.008,2.54,-0.022364217252396124,0.019929463734270764,396802.6,-0.09450000000000025,2.763,3.4275000000000007,0.9346,0.9587999999999999,-0.005446623093681935,0.030501089324618702,0.057734204793028265,-0.2580110659517555,-0.3545852612588961
2026-02-06,0.907,0.913,0.924,0.9,157692,14396079.7,2.61,-0.54,-0.005,1.36,-0.03894736842105251,0.019724299568317123,390553.6,-0.18000000000000024,2.771,3.3735,0.925,0.9507,0.027382256297918905,0.03176341730558585,0.04709748083242049,-0.2599932670613945,-0.26982343790104535
2026-02-09,0.926,0.938,0.939,0.924,391922,36611661.9,1.64,2.74,0.025,3.39,-0.03991811668372569,0.0196417288810558,388345.5,-0.18500000000000022,2.7055,3.3545000000000003,0.9276,0.9470000000000001,0.006396588486140775,0.011727078891258014,-0.030916844349680117,-0.4760616029105351,-0.07197339348491694
2026-02-10,0.938,0.944,0.95,0.938,153377,14483084.2,1.28,0.64,0.006,1.32,0.0,0.018206689530432557,367202.9,0.015999999999999764,2.57,3.1715,0.9278000000000001,0.9423,-0.01165254237288127,0.016949152542372836,-0.040254237288135486,-0.3732164285048387,-0.04693834238052341
2026-02-11,0.939,0.933,0.941,0.931,335122,31429085.0,1.06,-1.17,-0.011,2.89,-0.028124999999999956,0.017939715555215268,354503.7,-0.12700000000000022,2.4535,3.0614999999999997,0.9292,0.9363999999999999,0.013933547695605508,0.045016077170418,-0.011789924973204746,-0.5021205193027216,-0.001932561801896715
2026-02-12,0.937,0.946,0.947,0.932,576607,54245874.9,1.61,1.39,0.013,4.98,-0.026748971193415683,0.018000398359756867,362991.55,-0.12000000000000025,2.4195,3.1350000000000002,0.9347999999999999,0.9347,-0.0042283298097252064,0.026427061310782207,-0.025369978858350906,-0.4146445483490331,0.011915034067121244
2026-02-13,0.942,0.942,0.953,0.937,145621,13808779.4,1.69,-0.42,-0.004,1.26,-0.048484848484848575,0.017397424044382583,356443.5,-0.23350000000000026,2.396,3.0785,0.9405999999999999,0.9328,0.007430997876857859,0.014861995753715496,-0.030785562632696273,-0.17071378880429378,0.018086640542696042
2026-02-24,0.954,0.949,0.959,0.939,469316,44648398.0,2.12,0.74,0.007,4.05,-0.031632653061224536,0.017427332084398003,363499.75,-0.1460000000000002,2.4315,3.1395,0.9428000000000001,0.9351999999999998,0.011591148577450028,-0.04214963119072701,-0.01475237091675441,1.5516062095602239,0.44527372939778287
2026-02-25,0.953,0.96,0.962,0.944,133038,12679002.2,1.9,1.16,0.011,1.15,-0.005181347150259086,0.017340291600663943,354774.0,-0.011500000000000232,2.3885,3.064,0.9460000000000001,0.9369,0.015625,-0.05624999999999991,-0.03020833333333328,1.1870982633389326,0.4954112898773537
2026-02-26,0.963,0.975,0.981,0.953,218650,21145812.5,2.92,1.56,0.015,1.89,-0.015151515151515138,0.01666754594413142,342426.25,-0.06300000000000024,2.348,2.9575,0.9544,0.9418,-0.004102564102564155,-0.0543589743589743,-0.0543589743589743,2.086981087888925,0.5781253870075358
2026-02-27,0.961,0.971,0.972,0.955,202311,19476080.6,1.74,-0.41,-0.004,1.75,-0.021169354838709742,0.016672529656450674,343445.95,-0.09350000000000022,2.3035,2.9665,0.9593999999999999,0.9471,-0.015447991761071034,-0.05046343975283207,-0.06076210092687939,1.7380689296831542,0.6477943721911268
2026-03-02,0.952,0.956,0.968,0.951,292240,28002438.4,1.75,-1.54,-0.015,2.52,-0.0382293762575453,0.016964528406627443,347122.0,-0.18050000000000024,2.3155,2.998,0.9621999999999999,0.9513999999999999,-0.04916317991631791,-0.044979079497907914,-0.03556485355648531,0.9462348871143655,0.5063950964313577
2026-03-03,0.957,0.909,0.961,0.908,307076,28625976.9,5.54,-4.92,-0.047,2.65,-0.06769230769230761,0.01968950587278104,347121.95,-0.33100000000000024,2.4465,2.998,0.9541999999999999,0.9484999999999999,-0.0033003300330033403,0.028602860286028653,-0.00990099009900991,-0.44489358446333616,-0.2513664358811347
2026-03-04,0.897,0.906,0.924,0.895,294353,26773141.6,3.19,-0.33,-0.003,2.54,-0.08577194752774975,0.019135886202139026,336942.6,-0.42950000000000027,2.4215,2.9099999999999997,0.9434000000000001,0.9446999999999999,0.017660044150110465,0.02759381898454749,0.011037527593819041,-0.39008668852319794,-0.1832590552295814
2026-03-05,0.928,0.922,0.936,0.904,167882,15525632.88,3.53,1.77,0.016,1.45,-0.07056451612903225,0.019731854157851433,331411.0,-0.34600000000000025,2.492,2.862,0.9328,0.9436,0.0,0.0,-0.030368763557483747,-0.42764877559341374,-0.18695948396156536
2026-03-06,0.912,0.922,0.927,0.911,110101,10118521.9,1.74,0.0,0.0,0.95,-0.0425752855659397,0.018782437268790593,320757.95,-0.20000000000000026,2.4125,2.7700000000000005,0.923,0.9412,-0.009761388286334105,-0.010845986984815648,-0.045553145336225676,-0.4023549039358031,-0.1363506786528632
2026-03-09,0.9,0.913,0.915,0.879,281596,25086717.6,3.9,-0.98,-0.009,2.43,-0.04994797086368363,0.018862449499350172,301719.15,-0.23850000000000024,2.436,2.6055,0.9144,0.9383000000000001,0.024096385542168752,0.009857612267250904,-0.0854326396495072,-0.38931850152643555,0.1444525006130466
2026-03-10,0.926,0.935,0.937,0.922,903839,83994966.687,1.64,2.41,0.022,7.81,0.010810810810810922,0.017832319507644773,313811.9,0.06949999999999978,2.3255,2.71,0.9196000000000002,0.9369,-0.004278074866310155,-0.03743315508021394,-0.08983957219251348,-0.12749377477569512,0.020560266471174815
2026-03-11,0.944,0.931,0.944,0.929,199394,18686423.8,1.6,-0.43,-0.004,1.72,-0.012725344644750725,0.017299330201575085,300177.6,-0.04950000000000021,2.2704999999999997,2.5919999999999996,0.9246000000000001,0.9339999999999999,-0.009667024704618665,-0.01611170784103111,-0.06229860365198714,0.17046544407371966,0.17438905918106085
2026-03-12,0.931,0.922,0.94,0.911,192853,17799193.9,3.11,-0.97,-0.009,1.67,-0.004319654427645814,0.01695091430090179,291371.95,-0.008000000000000207,2.3095,2.516,0.9246000000000001,0.9287000000000001,-0.010845986984815648,-0.030368763557483747,-0.07917570498915405,0.3893235965701871,0.28028567849435215
2026-03-13,0.912,0.912,0.924,0.909,145445,13299241.6,1.63,-1.08,-0.01,1.26,-0.006535947712418277,0.017016623400045366,283921.75,-0.01900000000000021,2.31,2.452,0.9226000000000001,0.9228,0.010964912280701844,-0.03508771929824561,-0.0635964912280702,0.33968125054794784,0.2930908430554038
2026-03-16,0.908,0.922,0.923,0.893,316967,28740112.6,3.29,1.1,0.01,2.74,0.009857612267250904,0.017144956338134888,291885.5,0.06299999999999979,2.3440000000000003,2.521,0.9244,0.9194000000000001,-0.02386117136659438,-0.09436008676789598,-0.07917570498915405,0.6397721023140075,0.2338409723675734
2026-03-17,0.925,0.9,0.929,0.897,108085,9841291.7,3.47,-2.39,-0.022,0.93,-0.04051172707889117,0.016761566854110205,277693.65,-0.19350000000000023,2.4355,2.398,0.9174,0.9185000000000001,0.017777777777777892,-0.05444444444444452,,1.3611866123669905,
2026-03-18,0.901,0.916,0.918,0.898,131228,11908614.2,2.22,1.78,0.016,1.13,-0.029661016949152463,0.017245367853321744,276586.2,-0.1365000000000002,2.4825,2.3885,0.9144,0.9195,-0.024017467248908297,-0.04694323144104806,,0.8629118974610703,
2026-03-19,0.899,0.894,0.907,0.891,237687,21404256.6,1.75,-2.4,-0.022,2.05,-0.04180064308681675,0.01784493999716411,271714.45,-0.19800000000000023,2.517,2.3465,0.9088,0.9167000000000002,-0.015659955257270708,-0.05033557046979875,,0.655325084608527,
2026-03-20,0.901,0.88,0.904,0.878,90154,8045564.9,2.91,-1.57,-0.014,0.78,-0.06976744186046502,0.017682173374165683,247391.8,-0.34600000000000025,2.582,2.1365,0.9024000000000001,0.9125,-0.051136363636363646,-0.02954545454545454,,0.6443467885746548,
2026-03-23,0.858,0.835,0.87,0.83,198601,16807881.5,4.55,-5.11,-0.045,1.72,-0.113588110403397,0.02065125590357867,250040.8,-0.5805000000000003,2.725,2.1595,0.885,0.9047000000000001,0.01916167664670665,0.016766467065868262,,-0.1422470444618681,
2026-03-24,0.844,0.851,0.851,0.823,170169,14233093.285,3.35,1.92,0.016,1.47,-0.10326659641728131,0.021206094340066376,235083.45,-0.5215000000000003,2.7864999999999998,2.0305,0.8752000000000001,0.8963000000000001,0.02585193889541726,,,,
2026-03-25,0.853,0.873,0.881,0.853,292937,25570872.809,3.29,2.59,0.022,2.53,-0.09062499999999996,0.022024988104764522,243078.4,-0.45000000000000034,2.856,2.0995,0.8666,0.8905,-0.027491408934707917,,,,
2026-03-26,0.87,0.849,0.87,0.846,290572,24926702.7,2.75,-2.75,-0.024,2.51,-0.12923076923076926,0.022061030842544148,246674.5,-0.6655000000000003,2.8474999999999997,2.1305,0.8576,0.8832000000000001,0.005889281507656108,,,,
2026-03-27,0.831,0.854,0.861,0.831,250239,21321031.0,3.53,0.59,0.005,2.16,-0.12049433573635426,0.022234474002618337,249070.9,-0.6155000000000002,2.9370000000000003,2.1510000000000002,0.8524,0.8774,-0.005854800936768156,,,,
2026-03-30,0.838,0.849,0.85,0.831,334810,28076634.3,2.22,-0.59,-0.005,2.89,-0.11192468619246865,0.022126807881122684,251199.4,-0.5680000000000003,2.9605,2.1695,0.8552,0.8701000000000001,,,,,
